tree
version=v3
num_class=1
num_tree_per_iteration=1
label_index=0
max_feature_idx=24
objective=regression
feature_names=Column_0 Column_1 Column_2 Column_3 Column_4 Column_5 Column_6 Column_7 Column_8 Column_9 Column_10 Column_11 Column_12 Column_13 Column_14 Column_15 Column_16 Column_17 Column_18 Column_19 Column_20 Column_21 Column_22 Column_23 Column_24
feature_infos=[1:200] [9.6354999542236328:10001.138671875] [2.0600000425474718e-05:0.071199998259544373] [-110250:110250] [-110250:110250] [-1514:-1500] [27413.599609375:891620.6875] [962.21502685546875:3783.802978515625] [1046.031005859375:14591.265625] [1102.8590087890625:13930.2470703125] [1456.342041015625:16048.3212890625] [1098.2850341796875:4498.72705078125] [-0.67000001668930054:0.27399998903274536] [44.854999542236328:45.7239990234375] [24.972999572753906:25.024999618530273] [26.200000762939453:27.299999237060547] [25.799999237060547:26.600000381469727] [26.899999618530273:27.899999618530273] [25.399999618530273:26.100000381469727] [26.399999618530273:27.200000762939453] [23.700000762939453:24.700000762939453] [30:35.299999237060547] [36.900001525878906:43.599998474121094] [-97.952003479003906:-95.740997314453125] [-98.0989990234375:-95.910003662109375]
tree_sizes=680 671 671 687 676 673 678 664 660 661 652 653 663 651 638 637 653 647 652 643 654 653 629 658 634 648 648 632 630 630 644 644 644 648 631 654 643 649 649 643 647 652 634 630 652 635 656 641 655 662 639 644 643 643 638 647 638 641 631 638 632 637 641 624 640 639 649 653 644 645 646 653 648 639 648 649 642 645 650 640 646 649 642 653 660 647 652 645 638 643 630 632 629 647 651 647 655 654 647 650

Tree=0
num_leaves=6
num_cat=0
split_feature=2 6 2 5 11
split_gain=1.71804e+11 2.64936e+10 2.46044e+10 2.52123e+10 1.28052e+09
threshold=0.0014850000152364375 594381.78125000012 0.00064250000286847364 -1506.9999999999998 4323.7309570312509
decision_type=2 2 2 2 2
left_child=2 -2 4 -4 -1
right_child=1 -3 3 -5 -6
leaf_value=1113.9608218874068 1058.892315505105 6041.5621112376912 1058.9183227588217 3512.775172204575 1414.4373856424459
leaf_weight=8852 295 2789 1692 2745 5915
leaf_count=8852 295 2789 1692 2745 5915
internal_value=2100.85 5564.94 1544.54 2577.02 1234.32
internal_weight=0 3084 19204 4437 14767
internal_count=22288 3084 19204 4437 14767
is_linear=0
shrinkage=1


Tree=1
num_leaves=6
num_cat=0
split_feature=1 2 1 1 9
split_gain=5.34062e+10 8.8796e+09 8.10413e+08 9.06312e+07 1.73602e+07
threshold=1019.9580993652345 0.0014850000152364375 513.48779296875011 254.46274566650393 12994.063476562502
decision_type=2 2 2 2 2
left_child=2 4 3 -1 -2
right_child=1 -3 -4 -5 -6
leaf_value=-528.64857482910156 712.38387845163334 1972.1431270035644 -200.93160112877752 -446.2773630534528 266.45650828968394
leaf_weight=8368 2754 2788 2799 5557 22
leaf_count=8368 2754 2788 2799 5557 22
internal_value=0 1341.86 -446.43 -495.777 708.85
internal_weight=0 5564 16724 13925 2776
internal_count=22288 5564 16724 13925 2776
is_linear=0
shrinkage=0.5


Tree=2
num_leaves=6
num_cat=0
split_feature=1 2 1 1 7
split_gain=1.33515e+10 2.2199e+09 2.02603e+08 3.06764e+07 2.11303e+07
threshold=1019.9580993652345 0.0014850000152364375 513.48779296875011 70.047601699829116 3611.798461914063
decision_type=2 2 2 2 2
left_child=2 4 3 -1 -2
right_child=1 -3 -4 -5 -6
leaf_value=-276.72984343398599 349.01814733252701 986.07153276528311 -100.46580350548082 -228.792892918663 706.38007463727683
leaf_weight=5547 2734 2788 2799 8378 42
leaf_count=5547 2734 2788 2799 8378 42
internal_value=0 670.929 -223.215 -247.888 354.425
internal_weight=0 5564 16724 13925 2776
internal_count=22288 5564 16724 13925 2776
is_linear=0
shrinkage=0.5


Tree=3
num_leaves=6
num_cat=0
split_feature=2 2 5 5 10
split_gain=2.69107e+09 4.26055e+08 4.08597e+08 3.83181e+08 3.49209e+07
threshold=0.0014850000152364375 0.00062750000506639491 -1506.9999999999998 -1506.9999999999998 13749.434570312502
decision_type=2 2 2 2 2
left_child=1 4 -2 -3 -1
right_child=2 3 -4 -5 -6
leaf_value=-65.652840450050959 -127.09980008391295 -118.98498525932457 492.62496575523022 180.73665876063984 -123.96268052460333
leaf_weight=3315 294 1737 2790 2762 11390
leaf_count=3315 294 1737 2790 2762 11390
internal_value=0 -69.6238 433.546 65.0184 -110.818
internal_weight=0 19204 3084 4499 14705
internal_count=22288 19204 3084 4499 14705
is_linear=0
shrinkage=0.5


Tree=4
num_leaves=6
num_cat=0
split_feature=1 12 1 8 11
split_gain=8.29839e+08 1.40614e+08 2.35944e+07 1.43336e+07 1.30026e+07
threshold=1019.9580993652345 -0.54850000143051136 254.46274566650393 14413.040527343752 4323.7309570312509
decision_type=2 2 2 2 2
left_child=2 -2 4 -4 -1
right_child=1 -3 3 -5 -6
leaf_value=-71.939687479234024 246.66637323677432 87.694368159955417 -33.843779994065351 -179.27818307159953 -231.31238368107722
leaf_weight=8238 2785 2779 8183 173 130
leaf_count=8238 2785 2779 8183 173 130
internal_value=0 167.266 -55.6487 -36.8548 -74.4156
internal_weight=0 5564 16724 8356 8368
internal_count=22288 5564 16724 8356 8368
is_linear=0
shrinkage=0.5


Tree=5
num_leaves=6
num_cat=0
split_feature=1 2 2 8 7
split_gain=2.0746e+08 3.55334e+07 1.46421e+07 1.16953e+07 7.39426e+06
threshold=1019.9580993652345 0.0014850000152364375 0.00064250000286847364 13089.998046875002 3716.5639648437505
decision_type=2 2 2 2 2
left_child=3 2 -2 -1 -5
right_child=1 -3 -4 4 -6
leaf_value=-40.760323202045008 385.29493565713204 123.50411542895192 39.730649727854356 -11.596253810091357 -97.609978195308713
leaf_weight=8545 31 2788 2745 7921 258
leaf_count=8545 31 2788 2745 7921 258
internal_value=0 83.633 43.5896 -27.8243 -14.3095
internal_weight=0 5564 2776 16724 8179
internal_count=22288 5564 2776 16724 8179
is_linear=0
shrinkage=0.5


Tree=6
num_leaves=6
num_cat=0
split_feature=2 9 6 9 2
split_gain=4.40538e+07 1.88549e+07 1.07439e+07 4.88484e+06 3.74463e+06
threshold=0.00062750000506639491 12625.073730468752 600967.25000000012 12379.025390625002 0.00024850000045262283
decision_type=2 2 2 2 2
left_child=3 -2 -3 -1 -5
right_child=1 2 -4 4 -6
leaf_value=-33.494824116187324 10.661006510329189 369.86928462982178 58.702285388189708 -15.886287284216127 6.1257554184218321
leaf_weight=3128 4561 28 2994 9126 2451
leaf_count=3128 4561 28 2994 9126 2451
internal_value=0 30.9555 61.5854 -15.963 -11.2261
internal_weight=0 7583 3022 14705 11577
internal_count=22288 7583 3022 14705 11577
is_linear=0
shrinkage=0.5


Tree=7
num_leaves=6
num_cat=0
split_feature=1 1 13 24 1
split_gain=1.63479e+07 1.98963e+06 1.89433e+06 3.78452e+06 6.49386e+06
threshold=4922.8779296875009 254.46274566650393 45.287000656127937 -96.172500610351548 1019.9580993652345
decision_type=2 2 2 2 2
left_child=1 -1 3 -3 -5
right_child=-2 2 -4 4 -6
leaf_value=-13.12565453968814 23.976663694134007 -1.0228161357602508 -26.575821910678609 -7.9371450005508049 307.85562910857021
leaf_weight=8368 5390 7729 733 41 27
leaf_count=8368 5390 7729 733 41 27
internal_value=0 -7.6479 -2.27418 0.0104313 117.451
internal_weight=0 16898 8530 7797 68
internal_count=22288 16898 8530 7797 68
is_linear=0
shrinkage=0.5


Tree=8
num_leaves=6
num_cat=0
split_feature=1 1 4 1 24
split_gain=5.45517e+06 1.22398e+06 2.63635e+06 1.12599e+07 1.4016e+06
threshold=4936.7573242187509 1010.2200317382814 -19124.999999999996 1019.9580993652345 -96.006500244140611
decision_type=2 2 2 2 2
left_child=1 -1 3 -3 -4
right_child=-2 2 4 -5 -6
leaf_value=-5.4621905379004234 20.445205249337352 44.69717094206041 3.9225428527189607 -320.50274848937988 76.168429655187268
leaf_weight=14013 2846 62 5267 32 68
leaf_count=14013 2846 62 5267 32 68
internal_value=0 -2.99285 3.38085 -79.6262 4.84339
internal_weight=0 19442 5429 94 5335
internal_count=22288 19442 5429 94 5335
is_linear=0
shrinkage=0.5


Tree=9
num_leaves=6
num_cat=0
split_feature=1 1 11 1 12
split_gain=1.4087e+06 528657 3.47051e+06 893568 830213
threshold=9968.6611328125018 70.047601699829116 4327.7819824218759 18.269949913024906 -0.48649999499320978
decision_type=2 2 2 2 2
left_child=1 2 3 -1 -3
right_child=-2 4 -4 -5 -6
leaf_value=-2.6224258147259332 10.575666919139987 0.96098879197058806 -213.53030662536622 -22.839193516630466 -18.035259711253961
leaf_weight=4912 2759 13381 20 615 601
leaf_count=4912 2759 13381 20 615 601
internal_value=0 -1.4941 -5.62431 -4.87198 0.144457
internal_weight=0 19529 5547 5527 13982
internal_count=22288 19529 5547 5527 13982
is_linear=0
shrinkage=0.5


Tree=10
num_leaves=6
num_cat=0
split_feature=10 1 1 1 11
split_gain=572230 2.303e+06 1.0458e+06 436536 594085
threshold=14708.227050781252 513.48779296875011 256.18115234375006 254.46274566650393 4323.7309570312509
decision_type=2 2 2 2 2
left_child=3 2 -2 4 -1
right_child=1 -3 -4 -5 -6
leaf_value=-1.2085547852739773 -105.0692738019503 -171.37676565987724 -4.3570729174400826 3.0937238987653268 -37.08952988926162
leaf_weight=8237 26 21 2998 10889 117
leaf_count=8237 26 21 2998 10889 117
internal_value=0 -6.36887 -5.22298 1.00781 -1.71108
internal_weight=0 3045 3024 19243 8354
internal_count=22288 3045 3024 19243 8354
is_linear=0
shrinkage=0.5


Tree=11
num_leaves=6
num_cat=0
split_feature=2 2 24 7 20
split_gain=942768 314352 307889 1.88621e+06 3.81268e+06
threshold=0.0017149999621324243 2.9650000215042386e-05 -96.03749847412108 3601.2690429687505 23.94999980926514
decision_type=2 2 2 2 2
left_child=1 -1 -3 -4 -5
right_child=-2 2 3 4 -6
leaf_value=-12.935984586077767 -91.689650722912376 0.16659779851966589 0.074310205372206242 272.55630273148415 -29.079717622583054
leaf_weight=452 28 21515 251 20 22
leaf_count=452 28 21515 251 20 22
internal_value=0 0.115333 0.385839 16.4847 114.556
internal_weight=0 22260 21808 293 42
internal_count=22288 22260 21808 293 42
is_linear=0
shrinkage=0.5


Tree=12
num_leaves=6
num_cat=0
split_feature=2 11 8 2 2
split_gain=252713 835164 276791 2.36268e+06 1.40001e+07
threshold=0.00083249999443069111 3971.3874511718755 13640.252441406252 0.00064250000286847364 0.00021350000315578657
decision_type=2 2 2 2 2
left_child=2 -2 -1 4 -4
right_child=1 -3 3 -5 -6
leaf_value=-1.7374434138493737 3.9594637649794824 -91.574728825817942 2.7333925596133861 -87.475913708763457 422.39995374679563
leaf_weight=14777 4269 23 3129 70 20
leaf_count=14777 4269 23 3129 70 20
internal_value=0 3.44751 -0.822223 3.37915 5.39879
internal_weight=0 4292 17996 3219 3149
internal_count=22288 4292 17996 3219 3149
is_linear=0
shrinkage=0.5


Tree=13
num_leaves=6
num_cat=0
split_feature=2 2 6 24 13
split_gain=238515 189294 192742 169881 1.71256e+06
threshold=0.0017149999621324243 3.2650001230649657e-05 740047.00000000012 -96.03749847412108 45.252000808715827
decision_type=2 2 2 2 2
left_child=1 2 -1 -3 -5
right_child=-2 3 -4 4 -6
leaf_value=-6.1559249236373663 -46.118584224155974 0.16831562244696935 -43.745343716608154 153.62691431045533 0.8385341581446013
leaf_weight=647 28 21336 36 20 221
leaf_count=647 28 21336 36 20 221
internal_value=0 0.0580108 -8.13721 0.317423 13.5181
internal_weight=0 22260 683 21577 241
internal_count=22288 22260 683 21577 241
is_linear=0
shrinkage=0.5


Tree=14
num_leaves=6
num_cat=0
split_feature=11 4 3 6 7
split_gain=128420 453840 188571 570654 1.01657e+06
threshold=4418.6994628906259 69125.000000000015 5000.0000000000009 595773.59375000012 3581.7500000000005
decision_type=2 2 2 2 2
left_child=2 -2 -1 4 -4
right_child=1 -3 3 -5 -6
leaf_value=-0.49178236815903925 15.437504863967529 -46.212088440403797 15.519333209564437 2.8944845040292981 143.97256488800048
leaf_weight=20815 313 33 67 1040 20
leaf_count=20815 313 33 67 1040 20
internal_value=0 9.55763 -0.150713 6.14863 45.0488
internal_weight=0 346 21942 1127 87
internal_count=22288 346 21942 1127 87
is_linear=0
shrinkage=0.5


Tree=15
num_leaves=6
num_cat=0
split_feature=23 13 23 13 10
split_gain=179157 573802 153943 381095 147110
threshold=-95.821498870849595 45.247999191284187 -95.837001800537095 45.30999946594239 15640.934570312502
decision_type=2 2 2 2 2
left_child=2 -2 4 -4 -1
right_child=1 -3 3 -5 -6
leaf_value=0.1325359283279284 -87.513003699481487 -4.8938286600733649 81.858826318383223 1.0626714373076405 -21.760526489127766
leaf_weight=21944 24 169 20 54 77
leaf_count=21944 24 169 20 54 77
internal_value=0 -15.1677 0.13249 22.8995 0.0559833
internal_weight=0 193 22095 74 22021
internal_count=22288 193 22095 74 22021
is_linear=0
shrinkage=0.5


Tree=16
num_leaves=6
num_cat=0
split_feature=24 2 11 6 1
split_gain=110242 607035 5.46226e+06 2.12216e+06 1.84965e+06
threshold=-96.121997833251939 0.00064250000286847364 4297.5280761718759 604164.25000000012 1014.8919982910157
decision_type=2 2 2 2 2
left_child=-1 2 -2 -3 -4
right_child=1 3 4 -5 -6
leaf_value=0.24959430585168493 242.09094301254854 -182.20105428099632 -0.61440135707729027 -12.915402426775714 -136.26391275112445
leaf_weight=21219 23 20 751 249 26
leaf_count=21219 23 20 751 249 26
internal_value=0 -4.9543 1.95477 -25.5017 -5.15351
internal_weight=0 1069 800 269 777
internal_count=22288 1069 800 269 777
is_linear=0
shrinkage=0.5


Tree=17
num_leaves=6
num_cat=0
split_feature=15 10 17 10 1
split_gain=96495.5 733789 153843 315633 2.28969e+06
threshold=27.050000190734867 15640.934570312502 27.550000190734867 11973.131835937502 1014.4717102050782
decision_type=2 2 2 2 2
left_child=1 2 -1 4 -4
right_child=-2 -3 3 -5 -6
leaf_value=0.19376837779809281 6.0217179191059467 -95.907938575744623 12.705355223487405 -3.3289370449869828 -166.9301276008288
leaf_weight=20678 646 20 68 852 24
leaf_count=20678 646 20 68 852 24
internal_value=0 -0.179744 -0.0911974 -6.33328 -34.1561
internal_weight=0 21642 21622 944 92
internal_count=22288 21642 21622 944 92
is_linear=0
shrinkage=0.5


Tree=18
num_leaves=6
num_cat=0
split_feature=11 10 7 2 2
split_gain=186024 132634 716969 326678 132291
threshold=4481.2956542968759 15599.012207031252 3387.0205078125005 0.0017149999621324243 0.00074450002284720551
decision_type=2 2 2 2 2
left_child=1 3 -3 4 -1
right_child=-2 2 -4 -5 -6
leaf_value=-0.8588540833354531 23.209487327309542 9.7632671709983576 -89.155584353667038 54.951729951081454 1.8425466673438151
leaf_weight=15719 86 62 26 27 6368
leaf_count=15719 86 62 26 27 6368
internal_value=0 -0.0899025 -19.4628 -0.0128106 -0.0800014
internal_weight=0 22202 88 22114 22087
internal_count=22288 22202 88 22114 22087
is_linear=0
shrinkage=0.5


Tree=19
num_leaves=6
num_cat=0
split_feature=11 4 7 1 11
split_gain=112908 164037 77850 147256 145040
threshold=4423.5346679687509 69125.000000000015 3387.0205078125005 18.021049499511722 3820.795043945313
decision_type=2 2 2 2 2
left_child=2 -2 3 -1 -4
right_child=1 -3 4 -5 -6
leaf_value=2.0144721158726813 14.582124318559794 -27.290141472449669 20.997331759508917 -3.699414314949713 0.29122946939714922
leaf_weight=1676 233 26 85 3446 16822
leaf_count=1676 233 26 85 3446 16822
internal_value=0 10.3787 -0.122025 -1.82974 0.395329
internal_weight=0 259 22029 5122 16907
internal_count=22288 259 22029 5122 16907
is_linear=0
shrinkage=0.5


Tree=20
num_leaves=6
num_cat=0
split_feature=2 1 2 1 1
split_gain=243178 81881.1 180258 512170 125598
threshold=0.0017149999621324243 70.047601699829116 0.00064250000286847364 14.958000183105471 18.269949913024906
decision_type=2 2 2 2 2
left_child=1 2 3 -1 -4
right_child=-2 -3 4 -5 -6
leaf_value=-0.74864105341209397 -46.56718921661377 0.60924475153736291 1.1080531480226963 -15.78950718931706 16.400147635361243
leaf_weight=2854 28 16740 1815 706 145
leaf_count=2854 28 16740 1815 706 145
internal_value=0 0.0585751 -1.61139 -3.73146 2.23936
internal_weight=0 22260 5520 3560 1960
internal_count=22288 22260 5520 3560 1960
is_linear=0
shrinkage=0.5


Tree=21
num_leaves=6
num_cat=0
split_feature=10 20 2 1 11
split_gain=76981 715355 270453 60609.2 4.86429e+06
threshold=15640.934570312502 24.250000000000004 0.0017149999621324243 1019.9580993652345 4104.7575683593759
decision_type=2 2 2 2 2
left_child=2 -2 3 -1 -5
right_child=1 -3 -4 4 -6
leaf_value=0.47571233828766851 15.570208055774371 -82.431334402826096 50.069662306043838 -0.49952986759736256 -236.07428741455078
leaf_weight=16610 60 27 27 5542 22
leaf_count=16610 60 27 27 5542 22
internal_value=0 -14.8441 0.0581701 -0.00272603 -1.43099
internal_weight=0 87 22201 22174 5564
internal_count=22288 87 22201 22174 5564
is_linear=0
shrinkage=0.5


Tree=22
num_leaves=6
num_cat=0
split_feature=16 10 0 4 9
split_gain=72795.7 166086 628320 150015 712388
threshold=26.349999427795414 15599.012207031252 5.5000000000000009 69125.000000000015 13027.884765625002
decision_type=2 2 2 2 2
left_child=1 -1 -3 -2 -5
right_child=3 2 -4 4 -6
leaf_value=-0.11273573824703033 2.3499592601022075 12.773772533450808 -98.320780825614932 104.27666673206147 -2.2753790232443039
leaf_weight=21351 799 35 20 21 62
leaf_count=21351 799 35 20 21 62
internal_value=0 -0.183423 -27.6242 4.45165 24.6836
internal_weight=0 21406 55 882 83
internal_count=22288 21406 55 882 83
is_linear=0
shrinkage=0.5


Tree=23
num_leaves=6
num_cat=0
split_feature=2 11 2 12 1
split_gain=218946 91078.8 80538.2 149403 699298
threshold=0.0017149999621324243 4472.9694824218759 3.7450001400429762e-05 -0.49449999630451197 4927.2563476562509
decision_type=2 2 2 2 2
left_child=1 2 -1 -4 -5
right_child=-2 -3 3 4 -6
leaf_value=-4.9523936009436307 -44.186228888375418 11.516780317869298 -0.091345672432121758 4.299952698838033 89.474436988830561
leaf_weight=802 28 172 20593 668 25
leaf_count=802 28 172 20593 668 25
internal_value=0 0.0555802 -0.0336686 0.151656 7.37263
internal_weight=0 22260 22088 21286 693
internal_count=22288 22260 22088 21286 693
is_linear=0
shrinkage=0.5


Tree=24
num_leaves=6
num_cat=0
split_feature=23 15 11 1 11
split_gain=51709.8 115466 57441.7 54045.7 48403.9
threshold=-95.805999755859361 26.94999980926514 4352.3391113281259 256.18115234375006 2725.2514648437505
decision_type=2 2 2 2 2
left_child=4 2 -2 -3 -1
right_child=1 3 -4 -5 -6
leaf_value=11.762424518100239 -45.589504517041718 17.621284884791219 -9.9476055741310123 -8.3189228668547521 0.012557998533167946
leaf_weight=88 26 31 20 57 22066
leaf_count=88 26 31 20 57 22066
internal_value=0 -9.79252 -30.093 0.819105 0.0592308
internal_weight=0 134 46 88 22154
internal_count=22288 134 46 88 22154
is_linear=0
shrinkage=0.5


Tree=25
num_leaves=6
num_cat=0
split_feature=2 8 11 3 6
split_gain=82570.5 41099.6 140069 182899 153125
threshold=0.0017149999621324243 12421.678710937502 4401.5485839843759 -19124.999999999996 546363.50000000012
decision_type=2 2 2 2 2
left_child=1 -1 4 -4 -3
right_child=-2 2 3 -5 -6
leaf_value=-1.2017321822726923 -27.135048185076034 -29.614427289297414 36.97181687265072 5.4716472082702765 0.26136092312690501
leaf_weight=5166 28 43 53 353 16645
leaf_count=5166 28 43 53 353 16645
internal_value=0 0.0341321 0.407624 9.58374 0.18438
internal_weight=0 22260 17094 406 16688
internal_count=22288 22260 17094 406 16688
is_linear=0
shrinkage=0.5


Tree=26
num_leaves=6
num_cat=0
split_feature=10 24 1 10 1
split_gain=123327 471592 39501.9 2.52931e+06 545956
threshold=15640.934570312502 -96.160999298095689 1019.9580993652345 13339.617187500002 1014.8919982910157
decision_type=2 2 2 2 2
left_child=2 -2 4 -4 -1
right_child=1 -3 3 -5 -6
leaf_value=0.25165695486465917 -84.049761999221076 1.9765260436318137 -135.06794689042226 -0.23147709778787798 39.964211814704981
leaf_weight=16550 21 66 35 5529 87
leaf_count=16550 21 66 35 5529 87
internal_value=0 -18.7884 0.073627 -1.07966 0.459326
internal_weight=0 87 22201 5564 16637
internal_count=22288 87 22201 5564 16637
is_linear=0
shrinkage=0.5


Tree=27
num_leaves=6
num_cat=0
split_feature=0 13 23 20 10
split_gain=38212.8 99595 129783 108661 143581
threshold=2.5000000000000004 45.197000503540046 -95.882999420166001 23.94999980926514 14271.979492187502
decision_type=2 2 2 2 2
left_child=1 2 -1 4 -3
right_child=-2 3 -4 -5 -6
leaf_value=4.9235263843156547 -0.17365447613281618 -56.384083604812623 37.915120909290927 0.17245983101793716 -6.6646277915756658
leaf_weight=776 20823 20 31 585 53
leaf_count=776 20823 20 31 585 53
internal_value=0 2.46826 6.19086 -2.09729 -20.2864
internal_weight=0 1465 807 658 73
internal_count=22288 1465 807 658 73
is_linear=0
shrinkage=0.5


Tree=28
num_leaves=6
num_cat=0
split_feature=3 10 11 14 17
split_gain=43586.4 236394 422276 50549.1 134587
threshold=70375.000000000015 13339.617187500002 4323.7309570312509 25.008500099182132 27.750000000000004
decision_type=2 2 2 2 2
left_child=-1 2 -2 4 -3
right_child=1 3 -4 -5 -6
leaf_value=-0.11347967992716496 82.747808990478518 0.23644803124726269 7.4556161500003242 14.722545200288296 -36.245462764882376
leaf_weight=21716 25 397 73 50 27
leaf_count=21716 25 397 73 50 27
internal_value=0 4.30826 26.6628 -0.313566 -2.08669
internal_weight=0 572 98 474 424
internal_count=22288 572 98 474 424
is_linear=0
shrinkage=0.5


Tree=29
num_leaves=6
num_cat=0
split_feature=20 15 11 0 1
split_gain=53278.4 114745 35333.9 112616 57169.7
threshold=23.750000000000004 26.750000000000004 2725.2514648437505 20.500000000000004 13.665899753570558
decision_type=2 2 2 2 2
left_child=1 -1 3 4 -2
right_child=2 -3 -4 -5 -6
leaf_value=10.02559868408286 16.692967710040865 -37.637192479201723 -0.0027058091019548521 33.127685330130838 -16.487713070476758
leaf_weight=23 21 28 22149 33 34
leaf_count=23 21 28 22149 33 34
internal_value=0 -16.1422 0.0370218 10.0362 -3.81873
internal_weight=0 51 22237 88 55
internal_count=22288 51 22237 88 55
is_linear=0
shrinkage=0.5


Tree=30
num_leaves=6
num_cat=0
split_feature=2 1 9 24 1
split_gain=62139.8 718102 32273.2 118199 65605.8
threshold=0.0016949999844655397 13.900849819183351 13056.920410156252 -95.976001739501939 254.46274566650393
decision_type=2 2 2 2 2
left_child=2 -2 3 -1 -4
right_child=1 -3 4 -5 -6
leaf_value=-0.18724920889526961 43.122311006892808 -87.784228062629694 17.288592421819292 -23.834457980574303 1.03295637839884
leaf_weight=17930 22 20 63 53 4200
leaf_count=17930 22 20 63 53 4200
internal_value=0 -19.2141 0.0362759 -0.256943 1.27319
internal_weight=0 42 22246 17983 4263
internal_count=22288 42 22246 17983 4263
is_linear=0
shrinkage=0.5


Tree=31
num_leaves=6
num_cat=0
split_feature=2 10 23 13 21
split_gain=38614.3 45631.1 110954 21704 21549.8
threshold=0.0017149999621324243 15640.934570312502 -95.964000701904283 45.444000244140632 30.050000190734867
decision_type=2 2 2 2 2
left_child=1 4 -3 -4 -1
right_child=-2 2 3 -5 -6
leaf_value=-11.917965776041934 -18.556320599147252 37.36636553491865 7.1663415011237648 -12.47219189008077 -0.00081864888536244042
leaf_weight=38 28 28 34 24 22136
leaf_count=38 28 28 34 24 22136
internal_value=0 0.0233413 11.5184 -0.959948 -0.0212413
internal_weight=0 22260 86 58 22174
internal_count=22288 22260 86 58 22174
is_linear=0
shrinkage=0.5


Tree=32
num_leaves=6
num_cat=0
split_feature=10 2 2 0 8
split_gain=76472.4 400020 343193 36578.5 18542.2
threshold=15640.934570312502 3.5749999369727454e-05 0.0017149999621324243 8.5000000000000018 14413.040527343752
decision_type=2 2 2 2 2
left_child=2 3 4 -2 -1
right_child=1 -3 -4 -5 -6
leaf_value=-0.051165010815305459 -3.4320213431897373 -74.900359335399813 56.394906927038122 22.181010055541993 5.1455453747797302
leaf_weight=22001 46 21 27 20 173
leaf_count=22001 46 21 27 20 173
internal_value=0 -14.7949 0.0579776 4.3295 -0.0106206
internal_weight=0 87 22201 66 22174
internal_count=22288 87 22201 66 22174
is_linear=0
shrinkage=0.5


Tree=33
num_leaves=6
num_cat=0
split_feature=2 10 2 20 2
split_gain=138403 56253.2 128575 23994.8 22782.6
threshold=0.0017149999621324243 15640.934570312502 3.5749999369727454e-05 24.250000000000004 3.4050000977003954e-05
decision_type=2 2 2 2 2
left_child=1 4 3 -3 -1
right_child=-2 2 -4 -5 -6
leaf_value=-2.7502577961046661 -35.131053515842986 -4.3479297002156576 47.927349090576172 16.120498333658492 0.088265974407115727
leaf_weight=731 28 45 20 21 21443
leaf_count=731 28 45 20 21 21443
internal_value=0 0.04419 12.8072 2.16475 -0.00531033
internal_weight=0 22260 86 66 22174
internal_count=22288 22260 86 66 22174
is_linear=0
shrinkage=0.5


Tree=34
num_leaves=6
num_cat=0
split_feature=10 8 24 11 0
split_gain=63913 448721 20069.4 20001.3 39567.9
threshold=15640.934570312502 12510.088378906252 -96.09099960327147 2749.2214355468755 20.500000000000004
decision_type=2 2 2 2 2
left_child=3 2 -2 4 -1
right_child=1 -3 -4 -5 -6
leaf_value=-2.3073063296547462 18.613197150983307 -64.307999018965091 -0.95472608804702763 0.010579315710212363 12.690485699971516
leaf_weight=86 38 29 20 22025 90
leaf_count=86 38 29 20 22025 90
internal_value=0 -13.5256 11.8656 0.0530032 5.36202
internal_weight=0 87 58 22201 176
internal_count=22288 87 58 22201 176
is_linear=0
shrinkage=0.5


Tree=35
num_leaves=6
num_cat=0
split_feature=2 10 14 10 2
split_gain=45607.8 56985 23710.1 22443.2 135410
threshold=0.0017149999621324243 15640.934570312502 24.997499465942386 11667.930175781252 0.00064250000286847364
decision_type=2 2 2 2 2
left_child=1 3 -3 4 -1
right_child=-2 2 -4 -5 -6
leaf_value=-6.7031584985464452 -20.166829245431082 0.92239014272178921 18.639514812107745 0.16638651160272783 0.91639690976779986
leaf_weight=830 28 28 58 19384 1960
leaf_count=830 28 28 58 19384 1960
internal_value=0 0.0253671 12.8711 -0.0244542 -1.35035
internal_weight=0 22260 86 22174 2790
internal_count=22288 22260 86 22174 2790
is_linear=0
shrinkage=0.5


Tree=36
num_leaves=6
num_cat=0
split_feature=3 11 6 11 2
split_gain=19089.6 232490 870871 573211 252413
threshold=1.0000000180025095e-35 4323.7309570312509 605930.00000000012 4319.4006347656259 0.00026850000722333794
decision_type=2 2 2 2 2
left_child=-1 2 -2 -4 -3
right_child=1 4 3 -5 -6
leaf_value=-0.156053628303299 92.216064858383362 -3.6641879702163656 1.8738743167303098 72.849813249604452 -43.156441875668456
leaf_weight=20012 28 685 1491 29 43
leaf_count=20012 28 685 1491 29 43
internal_value=0 1.37212 4.83762 3.22802 -5.99683
internal_weight=0 2276 1548 1520 728
internal_count=22288 2276 1548 1520 728
is_linear=0
shrinkage=0.5


Tree=37
num_leaves=6
num_cat=0
split_feature=3 1 6 13 1
split_gain=20239.8 20685.7 1.42311e+06 521937 208994
threshold=107125.00000000001 1019.9580993652345 601566.50000000012 45.232000350952156 1014.8919982910157
decision_type=2 2 2 2 2
left_child=1 4 3 -3 -1
right_child=-2 2 -4 -5 -6
leaf_value=0.17023941890804559 -11.380483540777977 -39.359780311584473 -0.11753911462135826 -150.96319527626036 24.740630163543525
leaf_weight=16598 39 22 5522 20 87
leaf_count=16598 39 22 5522 20 87
internal_value=0 0.0199487 -0.814923 -92.5043 0.298356
internal_weight=0 22249 5564 42 16685
internal_count=22288 22249 5564 42 16685
is_linear=0
shrinkage=0.5


Tree=38
num_leaves=6
num_cat=0
split_feature=1 13 13 13 14
split_gain=18345.6 15811.6 151868 234451 106885
threshold=9987.8623046875018 45.377000808715827 45.329999923706062 45.33399963378907 25.003499984741214
decision_type=2 2 2 2 2
left_child=1 2 -1 -4 -5
right_child=-2 -3 3 4 -6
leaf_value=0.049988203626885039 5.2687811103717586 1.5106364757615305 -55.283867391256187 -12.367750667417662 4.0053422983474789
leaf_weight=20136 164 1532 26 273 157
leaf_count=20136 164 1532 26 273 157
internal_value=0 -0.0390562 -0.15435 -9.1775 -6.38967
internal_weight=0 22124 20592 456 430
internal_count=22288 22124 20592 456 430
is_linear=0
shrinkage=0.5


Tree=39
num_leaves=6
num_cat=0
split_feature=12 2 1 2 7
split_gain=27603.7 223017 208631 121469 479118
threshold=-0.49449999630451197 0.0017149999621324243 4924.9675292968759 0.0016450000111944976 3466.2834472656255
decision_type=2 2 2 2 2
left_child=3 2 -2 -1 -5
right_child=1 -3 -4 4 -6
leaf_value=-0.088976194763498342 0.47645174369997195 47.959790596595177 45.656475800734299 11.65926867212568 -85.352303361892695
leaf_weight=20698 1483 26 26 35 20
leaf_count=20698 1483 26 26 35 20
internal_value=0 2.04599 1.2549 -0.151332 -23.6177
internal_weight=0 1535 1509 20753 55
internal_count=22288 1535 1509 20753 55
is_linear=0
shrinkage=0.5


Tree=40
num_leaves=6
num_cat=0
split_feature=2 1 23 10 0
split_gain=96780.5 38652.6 29832.8 19971.1 41756.9
threshold=0.0017149999621324243 9992.4497070312518 -97.720996856689439 15599.012207031252 5.5000000000000009
decision_type=2 2 2 2 2
left_child=1 3 -3 -1 -5
right_child=-2 2 -4 4 -6
leaf_value=-0.045180267073600039 -29.377304043088639 24.484122068793685 4.1904417081312699 -0.6043036925956744 15.485623304732144
leaf_weight=22005 28 27 55 109 64
leaf_count=22005 28 27 55 109 64
internal_value=0 0.0369526 10.8725 -0.00311033 5.34804
internal_weight=0 22260 82 22178 173
internal_count=22288 22260 82 22178 173
is_linear=0
shrinkage=0.5


Tree=41
num_leaves=6
num_cat=0
split_feature=2 8 8 8 6
split_gain=24195.1 19056.3 15848.7 72069.8 167039
threshold=0.0017149999621324243 11178.227539062502 14413.040527343752 14082.827148437502 750250.68750000012
decision_type=2 2 2 2 2
left_child=1 -1 3 -3 -5
right_child=-2 2 -4 4 -6
leaf_value=-8.0467205833937108 -14.688654695238386 0.064536428201545912 4.8119930671474149 -47.912927430409653 -0.051409179558519459
leaf_weight=73 28 21927 173 26 61
leaf_count=73 28 21927 173 26 61
internal_value=0 0.0184763 0.0450125 0.00755057 -14.3549
internal_weight=0 22260 22187 22014 87
internal_count=22288 22260 22187 22014 87
is_linear=0
shrinkage=0.5


Tree=42
num_leaves=6
num_cat=0
split_feature=18 14 3 6 2
split_gain=16258.5 22957 18355.7 125629 162341
threshold=26.050000190734867 24.996500015258793 70375.000000000015 625818.93750000012 0.00026349999825470155
decision_type=2 2 2 2 2
left_child=2 -2 -1 4 -4
right_child=1 -3 3 -5 -6
leaf_value=-0.054120535718798476 -20.05828064866364 2.5786953554266976 8.3861682638525963 -0.28301879828660254 59.994421970844272
leaf_weight=21678 24 21 64 481 20
leaf_count=21678 24 21 64 481 20
internal_value=0 -9.49436 0.0192081 2.83269 20.6738
internal_weight=0 45 22243 565 84
internal_count=22288 45 22243 565 84
is_linear=0
shrinkage=0.5


Tree=43
num_leaves=6
num_cat=0
split_feature=10 13 20 19 23
split_gain=81914.1 335746 37053.3 16049.8 166081
threshold=15640.934570312502 45.396999359130866 24.250000000000004 27.150000572204593 -95.910499572753892
decision_type=2 2 2 2 2
left_child=3 -2 -3 -1 -5
right_child=1 2 -4 4 -6
leaf_value=0.083914319210761479 -72.163306504487991 -7.7054151765457011 16.423759327485012 17.561597243827933 -31.16754403627581
leaf_weight=22131 20 41 26 34 36
leaf_count=22131 20 41 26 34 36
internal_value=0 -15.3123 1.65815 0.060005 -7.4991
internal_weight=0 87 67 22201 70
internal_count=22288 87 67 22201 70
is_linear=0
shrinkage=0.5


Tree=44
num_leaves=6
num_cat=0
split_feature=12 2 10 2 20
split_gain=21857.2 206468 147506 419448 81806.9
threshold=-0.49449999630451197 0.0017149999621324243 15304.919433593752 6.2450002587866052e-05 24.150000572204593
decision_type=2 2 2 2 2
left_child=2 4 -1 -4 -2
right_child=1 -3 3 -5 -6
leaf_value=-0.039149834495042307 4.6469551905681614 45.997978063730095 -3.5710660794446634 -83.960296699404722 -2.7184306465241375
leaf_weight=20647 774 26 86 20 735
leaf_count=20647 774 26 86 20 735
internal_value=0 1.82062 -0.134662 -18.7388 1.05944
internal_weight=0 1535 20753 106 1509
internal_count=22288 1535 20753 106 1509
is_linear=0
shrinkage=0.5


Tree=45
num_leaves=6
num_cat=0
split_feature=11 10 1 6 6
split_gain=28823.3 297957 27636.3 91715.1 45194.4
threshold=4415.5986328125009 15297.100585937502 513.48779296875011 639279.56250000012 662293.43750000012
decision_type=2 2 2 2 2
left_child=1 -1 4 -4 -2
right_child=2 -3 3 -5 -6
leaf_value=-0.018023403160957064 19.088544447467012 -49.072146883895321 4.1029419480980218 -33.174712022145592 3.474419701672828
leaf_weight=21737 53 31 77 21 369
leaf_count=21737 53 31 77 21 369
internal_value=0 -0.0878818 3.67887 -3.88513 5.43544
internal_weight=0 21768 520 98 422
internal_count=22288 21768 520 98 422
is_linear=0
shrinkage=0.5


Tree=46
num_leaves=6
num_cat=0
split_feature=2 10 2 18 6
split_gain=70314.4 23600.1 59998.5 41746.2 20113.5
threshold=0.0017149999621324243 15297.100585937502 6.2450002587866052e-05 25.750000000000004 726422.87500000012
decision_type=2 2 2 2 2
left_child=1 4 3 -3 -1
right_child=-2 2 -4 -5 -6
leaf_value=-0.64540359194265939 -25.040327583040511 -0.66956565348522323 17.088385874884469 17.267066592971485 0.34013956312767024
leaf_weight=8443 28 328 70 36 13383
leaf_count=8443 28 328 70 36 13383
internal_value=0 0.0314973 3.68245 1.10439 -0.0411003
internal_weight=0 22260 434 364 21826
internal_count=22288 22260 434 364 21826
is_linear=0
shrinkage=0.5


Tree=47
num_leaves=6
num_cat=0
split_feature=10 22 16 24 9
split_gain=52901.7 338566 25956.3 16245.6 110302
threshold=15640.934570312502 38.850000381469734 26.44999980926514 -97.532001495361314 12987.338867187502
decision_type=2 2 2 2 2
left_child=3 -2 -3 -1 -5
right_child=1 2 -4 4 -6
leaf_value=0.19573310730554938 -54.227692403139606 25.343778204917907 2.8781349791420832 -4.6422225159478998 2.1946158657283119
leaf_weight=19841 31 20 36 1169 1191
leaf_count=19841 31 20 36 1169 1191
internal_value=0 -12.3054 10.9016 0.0482217 -1.19194
internal_weight=0 87 56 22201 2360
internal_count=22288 87 56 22201 2360
is_linear=0
shrinkage=0.5


Tree=48
num_leaves=6
num_cat=0
split_feature=11 21 2 7 2
split_gain=20122.8 29999.2 15133 12362.5 1.45853e+06
threshold=4481.2956542968759 32.649999618530281 0.0017149999621324243 3611.798461914063 0.00064250000286847364
decision_type=2 2 2 2 2
left_child=2 -2 3 -1 -5
right_child=1 -3 -4 4 -6
leaf_value=0.13393957529267311 15.557490438222885 -3.3719575272666082 -11.646185943058558 0.1599135966693048 -108.85150352601082
leaf_weight=19133 50 36 28 3010 31
leaf_count=19133 50 36 28 3010 31
internal_value=0 7.63354 -0.0295687 -0.0148999 -0.95135
internal_weight=0 86 22202 22174 3041
internal_count=22288 86 22202 22174 3041
is_linear=0
shrinkage=0.5


Tree=49
num_leaves=6
num_cat=0
split_feature=10 13 2 2 2
split_gain=33018.8 342246 243286 10323.4 1.10986e+06
threshold=15640.934570312502 45.396999359130866 0.0017149999621324243 0.00062750000506639491 0.00064250000286847364
decision_type=2 2 2 2 2
left_child=2 -2 3 -1 -5
right_child=1 -3 -4 4 -6
leaf_value=-0.26491503955536311 -67.120411700010294 7.4122668629261987 47.471305847167969 67.077099473245681 -0.096346747784492634
leaf_weight=14619 20 67 27 62 7493
leaf_count=14619 20 67 27 62 7493
internal_value=0 -9.72168 0.0380968 -0.0196599 0.454911
internal_weight=0 87 22201 22174 7555
internal_count=22288 87 22201 22174 7555
is_linear=0
shrinkage=0.5


Tree=50
num_leaves=6
num_cat=0
split_feature=2 11 15 9 15
split_gain=84883.4 24879 72817 32896.5 12884.4
threshold=0.0017149999621324243 4481.2956542968759 27.050000190734867 13465.441406250002 27.150000572204593
decision_type=2 2 2 2 2
left_child=1 4 -3 -4 -1
right_child=-2 2 3 -5 -6
leaf_value=-0.035038963034289092 -27.512465664318629 34.952248573303223 -7.6505902645199795 15.776512008646261 3.9569887549561611
leaf_weight=21970 28 20 43 23 204
leaf_count=21970 28 20 43 23 204
internal_value=0 0.0346069 8.52243 0.5134 0.00168755
internal_weight=0 22260 86 66 22174
internal_count=22288 22260 86 66 22174
is_linear=0
shrinkage=0.5


Tree=51
num_leaves=6
num_cat=0
split_feature=10 1 2 21 10
split_gain=27475.3 210413 151712 22904.6 19574.8
threshold=15640.934570312502 509.30744934082037 0.0017149999621324243 32.649999618530281 11656.804199218752
decision_type=2 2 2 2 2
left_child=2 -2 4 -3 -1
right_child=1 3 -4 -5 -6
leaf_value=-1.2959321367225873 -44.562035959746154 16.815847154819604 37.491885361848055 -3.0274344590994029 0.16088002027014311
leaf_weight=2614 28 33 27 26 19560
leaf_count=2614 28 33 27 26 19560
internal_value=0 -8.86813 0.0347519 8.07135 -0.0108575
internal_weight=0 87 22201 59 22174
internal_count=22288 87 22201 59 22174
is_linear=0
shrinkage=0.5


Tree=52
num_leaves=6
num_cat=0
split_feature=2 10 1 24 8
split_gain=108024 45398.7 41935.6 11897.5 66617
threshold=0.0017149999621324243 15640.934570312502 509.30744934082037 -95.994998931884751 14413.040527343752
decision_type=2 2 2 2 2
left_child=1 3 -3 -1 -5
right_child=-2 2 -4 4 -6
leaf_value=0.030726149215156005 -31.036923906632833 27.826145057325011 4.0356750331692774 -6.996204194929847 20.006278824347717
leaf_weight=21960 28 27 59 188 26
leaf_count=21960 28 27 59 188 26
internal_value=0 0.0390402 11.5048 -0.00542874 -3.71553
internal_weight=0 22260 86 22174 214
internal_count=22288 22260 86 22174 214
is_linear=0
shrinkage=0.5


Tree=53
num_leaves=6
num_cat=0
split_feature=10 2 2 7 11
split_gain=34532 220138 126663 18697.4 43641
threshold=15640.934570312502 3.5749999369727454e-05 0.0017149999621324243 3699.9790039062505 4323.7309570312509
decision_type=2 2 2 2 2
left_child=2 -2 3 -1 -5
right_child=1 -3 -4 4 -6
leaf_value=0.054921307492338568 4.2451973110437393 -54.530168317613146 34.264404862015333 7.6856521744938462 -6.4555969683561418
leaf_weight=21830 66 21 27 68 276
leaf_count=21830 66 21 27 68 276
internal_value=0 -9.94196 0.03896 -0.00271436 -3.66023
internal_weight=0 87 22201 22174 344
internal_count=22288 87 22201 22174 344
is_linear=0
shrinkage=0.5


Tree=54
num_leaves=6
num_cat=0
split_feature=19 13 10 22 22
split_gain=20303 392325 144861 295896 87386.9
threshold=26.94999980926514 45.169500350952156 15319.689941406252 40.95000076293946 41.549999237060554
decision_type=2 2 2 2 2
left_child=2 -2 -1 -4 -3
right_child=1 4 3 -5 -6
leaf_value=-0.053984759853272016 62.723630254085251 3.0252229321597506 -74.107534241676333 4.4067421714464823 -6.6949001517635391
leaf_weight=20951 26 956 20 30 305
leaf_count=20951 26 956 20 30 305
internal_value=0 1.92773 -0.118136 -26.999 0.674202
internal_weight=0 1287 21001 50 1261
internal_count=22288 1287 21001 50 1261
is_linear=0
shrinkage=0.5


Tree=55
num_leaves=6
num_cat=0
split_feature=2 11 7 20 12
split_gain=99022.8 18408.1 21387.5 31222.6 27933.1
threshold=0.0017149999621324243 4418.6994628906259 3387.0205078125005 24.150000572204593 -0.48450000584125513
decision_type=2 2 2 2 2
left_child=1 -1 3 -3 -4
right_child=-2 2 4 -5 -6
leaf_value=-0.019755050028952743 -29.715670298252785 5.6414269128767378 -2.9852549739373035 -6.8628647417523139 12.747573242321902
leaf_weight=21914 28 119 39 86 102
leaf_count=21914 28 119 39 86 102
internal_value=0 0.0373782 3.65593 0.395724 8.39594
internal_weight=0 22260 346 205 141
internal_count=22288 22260 346 205 141
is_linear=0
shrinkage=0.5


Tree=56
num_leaves=6
num_cat=0
split_feature=10 24 2 12 23
split_gain=36018.9 188535 110569 22869.4 8469.58
threshold=15640.934570312502 -96.145000457763658 0.0017149999621324243 -0.47949999570846552 -95.922000885009751
decision_type=2 2 2 2 2
left_child=2 -2 -1 -3 -5
right_child=1 3 -4 4 -6
leaf_value=0.00085308093281749738 -50.16216829690066 15.645768796404203 32.017029903553151 -11.151801453530789 3.2251957484654019
leaf_weight=22174 22 24 27 20 21
leaf_count=22174 22 24 27 20 21
internal_value=0 -10.1537 0.0397899 3.38756 -3.78797
internal_weight=0 87 22201 65 41
internal_count=22288 87 22201 65 41
is_linear=0
shrinkage=0.5


Tree=57
num_leaves=6
num_cat=0
split_feature=2 11 23 17 11
split_gain=96922.6 12608.3 14124.4 18423.9 17366.5
threshold=0.0017149999621324243 4418.6994628906259 -95.882999420166001 27.050000190734867 4472.9694824218759
decision_type=2 2 2 2 2
left_child=1 -1 3 -3 -4
right_child=-2 2 4 -5 -6
leaf_value=-0.010304067909278418 -29.398867332642631 -8.4903103994286582 4.528492845594883 6.357640789670608 -8.9927876211227247
leaf_weight=21914 28 23 48 228 47
leaf_count=21914 28 23 48 228 47
internal_value=0 0.0369797 3.03171 4.99707 -2.16098
internal_weight=0 22260 346 251 95
internal_count=22288 22260 346 251 95
is_linear=0
shrinkage=0.5


Tree=58
num_leaves=6
num_cat=0
split_feature=10 15 6 20 6
split_gain=15809.1 180599 23712.8 12008.2 39862.4
threshold=15640.934570312502 27.050000190734867 662293.43750000012 23.750000000000004 720068.87500000012
decision_type=2 2 2 2 2
left_child=3 -2 -3 4 -1
right_child=1 2 -4 -5 -6
leaf_value=-23.060546444809955 -48.422500057518484 -3.8283085534066865 14.986623524085564 0.044005871917425353 5.0321962152208597
leaf_weight=23 20 33 34 22150 28
leaf_count=23 20 33 34 22150 28
internal_value=0 -6.72688 5.71957 0.0263609 -7.63708
internal_weight=0 87 67 22201 51
internal_count=22288 87 67 22201 51
is_linear=0
shrinkage=0.5


Tree=59
num_leaves=6
num_cat=0
split_feature=12 12 16 21 7
split_gain=13023.8 47674.1 158242 46534.3 43080.6
threshold=-0.49449999630451197 -0.49250000715255732 26.349999427795414 30.349999427795414 3577.630493164063
decision_type=2 2 2 2 2
left_child=-1 2 4 -3 -2
right_child=1 3 -4 -5 -6
leaf_value=-0.10394803280625538 14.984888153150678 -10.069677967736697 37.827911222303236 1.4373189458491966 -13.557464151810377
leaf_weight=20753 20 94 37 1345 39
leaf_count=20753 20 94 37 1345 39
internal_value=0 1.40536 12.1936 0.685646 -3.88209
internal_weight=0 1535 96 1439 59
internal_count=22288 1535 96 1439 59
is_linear=0
shrinkage=0.5


Tree=60
num_leaves=6
num_cat=0
split_feature=11 13 10 1 22
split_gain=20336.8 65656.8 46713.9 348452 21004.4
threshold=4481.2956542968759 45.396999359130866 15599.012207031252 509.24299621582037 41.350000381469734
decision_type=2 2 2 2 2
left_child=2 -2 -1 -4 -5
right_child=1 -3 3 4 -6
leaf_value=0.016025919405018012 32.770767766237256 0.068944903937253083 -67.72574121043796 12.277756129370795 -6.5736973475326188
leaf_weight=22114 20 66 21 45 22
leaf_count=22114 20 66 21 45 22
internal_value=0 7.67402 -0.0297255 -11.5269 6.08773
internal_weight=0 86 22202 88 67
internal_count=22288 86 22202 88 67
is_linear=0
shrinkage=0.5


Tree=61
num_leaves=6
num_cat=0
split_feature=2 10 24 1 13
split_gain=19890.1 23418 26844.8 32833 18150.4
threshold=0.0017149999621324243 15599.012207031252 -96.160999298095689 509.27134704589849 45.396999359130866
decision_type=2 2 2 2 2
left_child=1 -1 -3 -4 -5
right_child=-2 2 3 4 -6
leaf_value=-0.028635505686747623 -13.317914656230382 19.141728985694147 15.709077529005102 7.6848439931869503 -6.2603578371661053
leaf_weight=22087 28 31 37 35 70
leaf_count=22087 28 31 37 35 70
internal_value=0 0.0167521 5.81141 2.90127 -1.61196
internal_weight=0 22260 173 142 105
internal_count=22288 22260 173 142 105
is_linear=0
shrinkage=0.5


Tree=62
num_leaves=6
num_cat=0
split_feature=10 2 1 2 1
split_gain=28399.1 144939 144714 29091 8460.03
threshold=15640.934570312502 0.0017149999621324243 509.30744934082037 3.5749999369727454e-05 9992.4497070312518
decision_type=2 2 2 2 2
left_child=1 4 -2 -4 -1
right_child=2 -3 3 -5 -6
leaf_value=-0.02806415854628919 -38.617454652275356 36.646772949783887 -2.9185399703490429 20.536068540811538 5.0600103655966313
leaf_weight=22092 28 27 39 20 82
leaf_count=22092 28 27 39 20 82
internal_value=0 0.0353313 -9.01598 5.03217 -0.00924833
internal_weight=0 22201 87 59 22174
internal_count=22288 22201 87 59 22174
is_linear=0
shrinkage=0.5


Tree=63
num_leaves=6
num_cat=0
split_feature=11 1 21 10 24
split_gain=13236.2 36945.7 31199 29951 289231
threshold=4481.2956542968759 509.30744934082037 32.649999618530281 15599.012207031252 -96.145000457763658
decision_type=2 2 2 2 2
left_child=3 -2 -3 -1 -5
right_child=1 2 -4 4 -6
leaf_value=0.012653108414685279 21.106528094836644 8.3910657099315102 -15.31482253903928 -62.08554763197899 6.3157509850913334
leaf_weight=22114 28 35 23 20 68
leaf_count=22114 28 35 23 20 68
internal_value=0 6.19104 -1.00955 -0.0239811 -9.23
internal_weight=0 86 58 22202 88
internal_count=22288 86 58 22202 88
is_linear=0
shrinkage=0.5


Tree=64
num_leaves=6
num_cat=0
split_feature=10 15 4 12 1
split_gain=14490.9 155033 12699.2 11314.2 36246.4
threshold=15640.934570312502 27.050000190734867 105875.00000000001 -0.45749999582767481 14.354549884796144
decision_type=2 2 2 2 2
left_child=2 -2 3 -1 -5
right_child=1 -3 -4 4 -6
leaf_value=0.014776685411891635 -45.0721132338047 5.0915227567971639 -9.2301638249207194 23.235260241410948 0.68993943485807863
leaf_weight=22048 20 67 37 22 94
leaf_count=22048 20 67 37 22 94
internal_value=0 -6.44035 0.0252381 0.0406888 4.96578
internal_weight=0 87 22201 22164 116
internal_count=22288 87 22201 22164 116
is_linear=0
shrinkage=0.5


Tree=65
num_leaves=6
num_cat=0
split_feature=2 11 24 9 13
split_gain=73300 24117.8 65519.7 36910.7 28745.4
threshold=0.0017149999621324243 4472.9694824218759 -96.145000457763658 13398.343261718752 45.396999359130866
decision_type=2 2 2 2 2
left_child=1 -1 -3 -4 -5
right_child=-2 2 3 4 -6
leaf_value=-0.013767370792682896 -25.566430398396083 24.570468425750732 -14.011705262586474 18.772308957987818 0.20032511973703229
leaf_weight=22088 28 37 32 29 74
leaf_count=22088 28 37 32 29 74
internal_value=0 0.032159 5.92996 0.821085 5.42933
internal_weight=0 22260 172 135 103
internal_count=22288 22260 172 135 103
is_linear=0
shrinkage=0.5


Tree=66
num_leaves=6
num_cat=0
split_feature=10 9 2 1 6
split_gain=19657.2 139179 79373.6 7709.54 669122
threshold=15640.934570312502 13448.915039062502 0.0017149999621324243 1019.9580993652345 594381.78125000012
decision_type=2 2 2 2 2
left_child=2 -2 3 -1 -5
right_child=1 -3 -4 4 -6
leaf_value=0.16704077673160619 -36.530840043510707 6.2758165370609804 27.122699048784042 -82.128886871337897 -0.1446195277213071
leaf_weight=16610 28 59 27 25 5539
leaf_count=16610 28 59 27 25 5539
internal_value=0 -7.50104 0.0293946 -0.00359531 -0.512989
internal_weight=0 87 22201 22174 5564
internal_count=22288 87 22201 22174 5564
is_linear=0
shrinkage=0.5


Tree=67
num_leaves=6
num_cat=0
split_feature=2 10 2 4 2
split_gain=71258.6 25773.2 47168.6 10021.9 118166
threshold=0.0017149999621324243 15640.934570312502 3.5749999369727454e-05 69125.000000000015 0.00026850000722333794
decision_type=2 2 2 2 2
left_child=1 3 -3 -1 -5
right_child=-2 2 -4 4 -6
leaf_value=-0.056397785477340569 -25.207891940538371 2.2247221776933381 29.942532694339754 -2.3515251525025365 13.795433637136833
leaf_weight=21604 28 66 20 414 156
leaf_count=21604 28 66 20 414 156
internal_value=0 0.031708 8.67072 -0.00179767 2.06764
internal_weight=0 22260 86 22174 570
internal_count=22288 22260 86 22174 570
is_linear=0
shrinkage=0.5


Tree=68
num_leaves=6
num_cat=0
split_feature=10 8 2 8 1
split_gain=21755.1 154343 73854.4 16544.3 8164.7
threshold=15640.934570312502 12510.088378906252 0.0017149999621324243 12492.152343750002 15.045799732208254
decision_type=2 2 2 2 2
left_child=2 3 4 -2 -1
right_child=1 -3 -4 -5 -6
leaf_value=-0.73500587753087876 18.209466150828771 -37.674202617900121 26.165295627382065 0.6383977355183782 0.12449513206593321
leaf_weight=3235 21 29 27 37 18939
leaf_count=3235 21 29 27 37 18939
internal_value=0 -7.89118 0.0309235 7.00034 -0.000898832
internal_weight=0 87 22201 58 22174
internal_count=22288 87 22201 58 22174
is_linear=0
shrinkage=0.5


Tree=69
num_leaves=6
num_cat=0
split_feature=2 10 8 13 10
split_gain=67568.9 22528.4 15128 15992.1 7862.57
threshold=0.0017149999621324243 15640.934570312502 12510.088378906252 45.400499343872077 11656.804199218752
decision_type=2 2 2 2 2
left_child=1 4 3 -3 -1
right_child=-2 2 -4 -5 -6
leaf_value=-0.81489461327370061 -24.546602753656252 12.710968966667469 17.652160593441554 -3.9836075231432915 0.1083931073495463
leaf_weight=2614 28 26 28 32 19560
leaf_count=2614 28 26 28 32 19560
internal_value=0 0.0308762 8.10779 3.50017 -0.000449416
internal_weight=0 22260 86 58 22174
internal_count=22288 22260 86 58 22174
is_linear=0
shrinkage=0.5


Tree=70
num_leaves=6
num_cat=0
split_feature=10 22 6 7 10
split_gain=21319.7 137240 10795.4 161398 31432.9
threshold=15640.934570312502 38.850000381469734 587740.65625000012 3606.131958007813 11656.804199218752
decision_type=2 2 2 2 2
left_child=2 -2 3 -1 -4
right_child=1 -3 4 -5 -6
leaf_value=0.58532776812120701 -34.502795423230815 6.9635488263198306 -9.1816791674024181 42.627158206442125 -0.064045704115587854
leaf_weight=3058 31 56 95 23 19025
leaf_count=3058 31 56 95 23 19025
internal_value=0 -7.81182 0.0306125 0.899175 -0.109348
internal_weight=0 87 22201 3081 19120
internal_count=22288 87 22201 3081 19120
is_linear=0
shrinkage=0.5


Tree=71
num_leaves=6
num_cat=0
split_feature=2 7 2 1 13
split_gain=15985.6 11293.9 202003 1.74691e+06 849081
threshold=0.0017149999621324243 3577.630493164063 0.00064250000286847364 1019.9580993652345 45.219999313354499
decision_type=2 2 2 2 2
left_child=1 -1 3 -3 -4
right_child=-2 2 4 -5 -6
leaf_value=0.212039109428108 -11.93939328619412 -0.4214361996740324 -101.04855724334716 144.10054878961472 -5.3927529847122129
leaf_weight=17044 28 4848 25 21 322
leaf_count=17044 28 4848 25 21 322
internal_value=0 0.0150181 -0.628775 0.201887 -12.2844
internal_weight=0 22260 5216 4869 347
internal_count=22288 22260 5216 4869 347
is_linear=0
shrinkage=0.5


Tree=72
num_leaves=6
num_cat=0
split_feature=11 10 14 2 12
split_gain=12545.2 26222.8 153728 104126 19007.6
threshold=4472.9694824218759 15319.689941406252 25.002500534057621 0.0017149999621324243 -0.48350000381469721
decision_type=2 2 2 2 2
left_child=1 3 -3 -1 -2
right_child=4 2 -4 -5 -6
leaf_value=-0.036557784018521486 -5.4528527275109901 3.3093170888388337 -44.862422524528071 31.032982172789396 7.0999325371550439
leaf_weight=22000 39 67 22 27 133
leaf_count=22000 39 67 22 27 133
internal_value=0 -0.0330815 -8.5983 0.00152628 4.25366
internal_weight=0 22116 89 22027 172
internal_count=22288 22116 89 22027 172
is_linear=0
shrinkage=0.5


Tree=73
num_leaves=6
num_cat=0
split_feature=10 9 7 21 1
split_gain=17360 127760 9977.76 25056.7 8764.63
threshold=15640.934570312502 13448.915039062502 3148.412963867188 33.250000000000007 1019.9580993652345
decision_type=2 2 2 2 2
left_child=2 -2 3 -1 -4
right_child=1 -3 4 -5 -6
leaf_value=-0.71027060926837082 -34.862617705549511 6.1504782839851861 0.2312935792446138 -20.843044540286066 -0.49411271116177408
leaf_weight=68 28 59 16549 20 5564
leaf_count=68 28 59 16549 20 5564
internal_value=0 -7.04914 0.0276238 -5.2859 0.0487692
internal_weight=0 87 22201 88 22113
internal_count=22288 87 22201 88 22113
is_linear=0
shrinkage=0.5


Tree=74
num_leaves=6
num_cat=0
split_feature=2 10 1 3 1
split_gain=37648.3 23508.1 24657.3 14559.2 11734.1
threshold=0.0017149999621324243 15319.689941406252 513.48779296875011 5000.0000000000009 4927.2563476562509
decision_type=2 2 2 2 2
left_child=1 4 3 -3 -1
right_child=-2 2 -4 -5 -6
leaf_value=-0.17602979306593869 -18.32276396240507 4.714370172256916 -11.676969660179955 16.493261178334553 0.89823137830175714
leaf_weight=19067 28 209 21 30 2933
leaf_count=19067 28 209 21 30 2933
internal_value=0 0.0230475 4.74956 6.19289 -0.0328112
internal_weight=0 22260 260 239 22000
internal_count=22288 22260 260 239 22000
is_linear=0
shrinkage=0.5


Tree=75
num_leaves=6
num_cat=0
split_feature=2 1 11 7 8
split_gain=9412.09 6108.18 298992 384183 161319
threshold=0.0017149999621324243 1019.9580993652345 4104.7575683593759 3611.798461914063 13640.252441406252
decision_type=2 2 2 2 2
left_child=1 -1 3 4 -3
right_child=-2 2 -4 -5 -6
leaf_value=0.16272337767095563 -9.1613813918083906 -0.11660854295415894 -58.616117477416992 -52.430357783181329 30.989813103562309
leaf_weight=16696 28 5465 22 35 42
leaf_count=16696 28 5465 22 35 42
internal_value=0 0.0115238 -0.442184 -0.211252 0.120629
internal_weight=0 22260 5564 5542 5507
internal_count=22288 22260 5564 5542 5507
is_linear=0
shrinkage=0.5


Tree=76
num_leaves=6
num_cat=0
split_feature=10 8 9 2 9
split_gain=10088.9 103570 142730 100372 11076.2
threshold=15640.934570312502 12501.681152343752 13465.441406250002 0.0017149999621324243 13375.411132812502
decision_type=2 2 2 2 2
left_child=3 -2 -3 4 -1
right_child=1 2 -4 -5 -6
leaf_value=0.089852664202088969 13.765063994970077 -50.564433130350977 4.1560926559166269 30.488076916447394 -1.1953413627998926
leaf_weight=20347 39 22 26 27 1827
leaf_count=20347 39 22 26 27 1827
internal_value=0 -5.37381 -20.9241 0.0210586 -0.0160393
internal_weight=0 87 48 22201 22174
internal_count=22288 87 48 22201 22174
is_linear=0
shrinkage=0.5


Tree=77
num_leaves=6
num_cat=0
split_feature=2 10 24 23 8
split_gain=37873.1 22256.3 13975.2 20592 7330.41
threshold=0.0017149999621324243 15640.934570312502 -96.160999298095689 -95.92950057983397 13306.004394531252
decision_type=2 2 2 2 2
left_child=1 4 -3 -4 -1
right_child=-2 2 3 -5 -6
leaf_value=-0.14471739742708956 -18.377362491829054 19.629721193388104 -6.0720383613197892 11.890897763081085 0.59657270254785466
leaf_weight=18085 28 20 27 39 4089
leaf_count=18085 28 20 27 39 4089
internal_value=0 0.0231162 8.0511 4.54242 -0.00801968
internal_weight=0 22260 86 66 22174
internal_count=22288 22260 86 66 22174
is_linear=0
shrinkage=0.5


Tree=78
num_leaves=6
num_cat=0
split_feature=2 8 24 8 2
split_gain=9468.27 5367.77 22719.2 17376.2 45976.1
threshold=0.0017149999621324243 14413.040527343752 -95.983501434326158 14082.827148437502 3.7450001400429762e-05
decision_type=2 2 2 2 2
left_child=1 3 -3 -1 -5
right_child=-2 2 -4 4 -6
leaf_value=0.017716736341149293 -9.1886832352195462 0.65607094764709473 18.201268582116988 -23.317633164340052 1.0651187151670456
leaf_weight=22000 28 152 21 29 58
leaf_count=22000 28 152 21 29 58
internal_value=0 0.0115581 2.78583 -0.0101719 -7.06247
internal_weight=0 22260 173 22087 87
internal_count=22288 22260 173 22087 87
is_linear=0
shrinkage=0.5


Tree=79
num_leaves=6
num_cat=0
split_feature=12 6 6 7 6
split_gain=9871.55 59232.9 67094.6 305141 70526.8
threshold=-0.49750000238418574 503618.50000000006 618968.59375000012 3609.9270019531255 608534.56250000012
decision_type=2 2 2 2 2
left_child=-1 -2 3 4 -3
right_child=1 2 -4 -5 -6
leaf_value=-0.096499200821100153 -24.631171790036287 2.1099299954825268 -0.96631562407479621 57.528638345223889 28.715849709768708
leaf_weight=20559 22 593 1061 27 26
leaf_count=20559 22 593 1061 27 26
internal_value=0 1.14744 1.47968 5.49702 3.22746
internal_weight=0 1729 1707 646 619
internal_count=22288 1729 1707 646 619
is_linear=0
shrinkage=0.5


Tree=80
num_leaves=6
num_cat=0
split_feature=10 13 2 20 19
split_gain=12738.4 128243 90811.4 9825.96 6865.09
threshold=15640.934570312502 45.396999359130866 0.0017149999621324243 24.250000000000004 27.050000190734867
decision_type=2 2 2 2 2
left_child=2 -2 4 -3 -1
right_child=1 3 -4 -5 -6
leaf_value=0.035009805723022903 -41.174184453487399 -0.37191175723948128 29.003367234159398 12.053658304306177 -1.6713623713422259
leaf_weight=21568 20 41 27 26 606
leaf_count=21568 20 41 27 26 606
internal_value=0 -6.03836 0.0236628 4.44995 -0.0116242
internal_weight=0 87 22201 67 22174
internal_count=22288 87 22201 67 22174
is_linear=0
shrinkage=0.5


Tree=81
num_leaves=6
num_cat=0
split_feature=2 10 13 24 20
split_gain=35786.6 18363.9 31747.9 8880.57 57612.4
threshold=0.0017149999621324243 15640.934570312502 45.400499343872077 -95.994998931884751 23.849999427795414
decision_type=2 2 2 2 2
left_child=1 3 -3 -1 -5
right_child=-2 2 -4 4 -6
leaf_value=0.025424196119877729 -17.863976381253451 18.370174524953235 -1.0332269206339 -25.271568665137657 -0.16027329640185578
leaf_weight=21960 28 37 49 26 188
leaf_count=21960 28 37 49 26 188
internal_value=0 0.0224704 7.31475 -0.00581207 -3.21118
internal_weight=0 22260 86 22174 214
internal_count=22288 22260 86 22174 214
is_linear=0
shrinkage=0.5


Tree=82
num_leaves=6
num_cat=0
split_feature=10 8 15 3 6
split_gain=14905.6 116058 8210.31 5543.07 64272.7
threshold=15640.934570312502 12510.088378906252 27.150000572204593 1.0000000180025095e-35 522158.89062500006
decision_type=2 2 2 2 2
left_child=3 2 -2 -1 -5
right_child=1 -3 -4 4 -6
leaf_value=-0.05849109521999165 11.031791859202915 -32.358206514654491 -1.2285100167447871 -19.621645224721806 1.1167594343977354
leaf_weight=19942 36 29 22 38 2221
leaf_count=19942 36 29 22 38 2221
internal_value=0 -6.53185 6.38133 0.0255966 0.767906
internal_weight=0 87 58 22201 2259
internal_count=22288 87 58 22201 2259
is_linear=0
shrinkage=0.5


Tree=83
num_leaves=6
num_cat=0
split_feature=12 10 13 19 19
split_gain=11339.7 48192.6 144872 39198.7 31666.2
threshold=-0.48749999701976771 15319.689941406252 45.329999923706062 27.150000572204593 27.150000572204593
decision_type=2 2 2 2 2
left_child=1 4 -3 -2 -1
right_child=3 2 -4 -5 -6
leaf_value=-0.019780055637246292 0.79709520980990423 11.317677663720172 -45.435934478586368 13.172267985037145 -13.152761356986087
leaf_weight=21044 1085 23 22 68 46
leaf_count=21044 1085 23 22 68 46
internal_value=0 -0.0833008 -16.4285 1.52694 -0.0484248
internal_weight=0 21135 45 1153 21090
internal_count=22288 21135 45 1153 21090
is_linear=0
shrinkage=0.5


Tree=84
num_leaves=6
num_cat=0
split_feature=10 24 2 12 12
split_gain=14888.6 82609.5 57470.1 9176.64 25452.2
threshold=15640.934570312502 -96.137500762939439 0.0017149999621324243 -0.48149999976158137 -0.49449999630451197
decision_type=2 2 2 2 2
left_child=2 -2 3 4 -1
right_child=1 -3 -4 -5 -6
leaf_value=-0.051093908639797146 -30.12765834423212 3.5307026509134496 23.079497010619551 -1.8475986072431896 2.8782560992574195
leaf_weight=20751 26 61 27 654 769
leaf_count=20751 26 61 27 654 769
internal_value=0 -6.52812 0.025582 -0.00248941 0.0535841
internal_weight=0 87 22201 22174 21520
internal_count=22288 87 22201 22174 21520
is_linear=0
shrinkage=0.5


Tree=85
num_leaves=6
num_cat=0
split_feature=2 11 22 20 12
split_gain=38272.2 9249.44 8363.96 12423.5 8553.19
threshold=0.0017149999621324243 4423.5346679687509 42.149999618530281 24.050000190734867 -0.48550000786781305
decision_type=2 2 2 2 2
left_child=1 -1 3 -3 -5
right_child=-2 2 -4 4 -6
leaf_value=-0.011732185626814419 -18.473954388073512 9.0595680857316037 -5.8972945113976794 10.998297582566739 -0.070706491297396423
leaf_weight=22001 28 78 24 20 137
leaf_count=22001 28 78 24 20 137
internal_value=0 0.0232377 2.99379 3.90181 1.33936
internal_weight=0 22260 259 235 157
internal_count=22288 22260 259 235 157
is_linear=0
shrinkage=0.5


Tree=86
num_leaves=6
num_cat=0
split_feature=2 10 24 8 2
split_gain=9568.06 9887.52 25276.7 6453.98 5374.72
threshold=0.0017149999621324243 15640.934570312502 -96.160999298095689 12510.088378906252 0.00067149999085813772
decision_type=2 2 2 2 2
left_child=1 4 -3 -4 -1
right_child=-2 2 3 -5 -6
leaf_value=-0.17940888789259823 -9.2369782413755139 20.934240934997796 -2.9723403717196266 7.4043224382659663 0.34674418210301139
leaf_weight=14998 28 20 43 23 7176
leaf_count=14998 28 20 43 23 7176
internal_value=0 0.0116188 5.36248 0.643769 -0.00913404
internal_weight=0 22260 86 66 22174
internal_count=22288 22260 86 66 22174
is_linear=0
shrinkage=0.5


Tree=87
num_leaves=6
num_cat=0
split_feature=1 6 6 11 12
split_gain=8038.07 256056 126763 186878 334946
threshold=1019.9580993652345 599703.62500000012 605930.00000000012 4082.703979492188 -0.50149998068809498
decision_type=2 2 2 2 2
left_child=-1 -2 -3 -4 -5
right_child=1 2 3 4 -6
leaf_value=0.17319444579223378 -43.778604756383338 29.740655523112842 0.027520715744072152 -76.667870044708252 -8.2189572532971695
leaf_weight=16724 34 35 5354 21 120
leaf_count=16724 34 35 5354 21 120
internal_value=0 -0.520579 -0.254617 -0.44567 -18.4135
internal_weight=0 5564 5530 5495 141
internal_count=22288 5564 5530 5495 141
is_linear=0
shrinkage=0.5


Tree=88
num_leaves=6
num_cat=0
split_feature=10 15 24 4 15
split_gain=16172.9 79639.4 11125 92554.2 86849.9
threshold=15640.934570312502 27.050000190734867 -96.13000106811522 -19124.999999999996 26.94999980926514
decision_type=2 2 2 2 2
left_child=2 -2 -1 4 -4
right_child=1 -3 3 -5 -6
leaf_value=-0.05445882915987367 -34.492185467481612 1.4613144633485311 32.453908492218368 0.015820326754393776 4.1824538281685868
leaf_weight=21093 20 67 44 993 71
leaf_count=21093 20 67 44 993 71
internal_value=0 -6.80386 0.0266626 1.57097 14.9994
internal_weight=0 87 22201 1108 115
internal_count=22288 87 22201 1108 115
is_linear=0
shrinkage=0.5


Tree=89
num_leaves=6
num_cat=0
split_feature=21 12 11 24 13
split_gain=5672.6 40534.6 19680.1 9966.81 75064.8
threshold=30.250000000000004 -0.49850000441074366 4333.3657226562509 -96.13000106811522 45.162000656127937
decision_type=2 2 2 2 2
left_child=1 -1 -3 -2 -5
right_child=3 2 -4 4 -6
leaf_value=14.418145129214162 -0.060707827113019287 -19.758704547224372 -2.904181503972342 -17.666074039984721 2.3469714143822649
leaf_weight=23 21074 29 43 49 1070
leaf_count=23 21074 29 43 49 1070
internal_value=0 -3.85542 -9.69281 0.0165036 1.47062
internal_weight=0 95 72 22193 1119
internal_count=22288 95 72 22193 1119
is_linear=0
shrinkage=0.5


Tree=90
num_leaves=6
num_cat=0
split_feature=17 2 12 1 14
split_gain=8766.18 152684 508622 369046 72816.8
threshold=27.750000000000004 0.00064250000286847364 -0.49650000035762781 4927.2563476562509 25.0004997253418
decision_type=2 2 2 2 2
left_child=-1 2 -2 4 -3
right_child=1 3 -4 -5 -6
leaf_value=-0.038853255014335911 81.987903421575368 -27.75192222595215 2.0978343949534035 11.11533034616901 -69.437332326715648
leaf_weight=21951 22 20 211 62 22
leaf_count=21951 22 20 211 62 22
internal_value=0 2.53076 9.6411 -13.3991 -49.5871
internal_weight=0 337 233 104 42
internal_count=22288 337 233 104 42
is_linear=0
shrinkage=0.5


Tree=91
num_leaves=6
num_cat=0
split_feature=20 16 13 23 11
split_gain=9312.04 27137.6 211357 36796.8 57208.2
threshold=23.94999980926514 26.349999427795414 45.22400093078614 -95.991001129150376 4327.7819824218759
decision_type=2 2 2 2 2
left_child=1 -1 -3 -4 -5
right_child=-2 2 3 4 -6
leaf_value=0.56138615760737687 -0.10741261190188171 52.533896528861739 15.9885404326699 -27.308085259360571 2.5897212785979113
leaf_weight=2101 20071 22 22 24 48
leaf_count=2101 20071 22 22 24 48
internal_value=0 0.972431 8.41729 -1.90787 -7.37621
internal_weight=0 2217 116 94 72
internal_count=22288 2217 116 94 72
is_linear=0
shrinkage=0.5


Tree=92
num_leaves=6
num_cat=0
split_feature=24 6 15 1 20
split_gain=7226.23 63894.2 26733.9 31562.4 22203
threshold=-95.994998931884751 618968.59375000012 26.849999427795414 256.18115234375006 24.150000572204593
decision_type=2 2 2 2 2
left_child=-1 -2 -3 4 -4
right_child=1 2 3 -5 -6
leaf_value=0.028426292022893675 -17.610176675698973 -14.597798597244989 21.159990244441563 -1.5804684118389389 0.99830265478654345
leaf_weight=22068 55 21 36 86 22
leaf_count=22068 55 21 36 86 22
internal_value=0 -2.85142 2.06817 4.49863 13.5125
internal_weight=0 220 165 144 58
internal_count=22288 220 165 144 58
is_linear=0
shrinkage=0.5


Tree=93
num_leaves=6
num_cat=0
split_feature=6 2 11 9 13
split_gain=5816.79 23370.6 162463 31310.9 15965.4
threshold=750250.68750000012 0.00083249999443069111 3971.3874511718755 12191.790039062502 45.329999923706062
decision_type=2 2 2 2 2
left_child=-1 4 3 -3 -2
right_child=1 2 -4 -5 -6
leaf_value=-0.2756439065171512 0.10338164692990708 19.374267768859863 46.121791492808946 -1.5671099199947105 8.4917140718092003
leaf_weight=10297 11726 20 22 166 57
leaf_count=10297 11726 20 22 166 57
internal_value=0 0.236703 5.4905 0.684651 0.14396
internal_weight=0 11991 208 186 11783
internal_count=22288 11991 208 186 11783
is_linear=0
shrinkage=0.5


Tree=94
num_leaves=6
num_cat=0
split_feature=20 7 0 2 2
split_gain=6012.43 29998.7 6778.86 99618.6 69507.1
threshold=23.750000000000004 3669.620483398438 13.500000000000002 0.001675000006798655 0.0016949999844655397
decision_type=2 2 2 2 2
left_child=1 -1 3 -2 -4
right_child=2 -3 4 -5 -6
leaf_value=-7.9571865262544677 -0.36897813213890873 16.413249396852084 0.097073640972211259 -33.349195827608526 24.596378184598066
leaf_weight=23 5099 28 17086 23 29
leaf_count=23 5099 28 17086 23 29
internal_value=0 5.42266 -0.0124367 -0.517074 0.138586
internal_weight=0 51 22237 5122 17115
internal_count=22288 51 22237 5122 17115
is_linear=0
shrinkage=0.5


Tree=95
num_leaves=6
num_cat=0
split_feature=10 12 7 7 10
split_gain=5400.85 101696 53573.7 53957.9 193034
threshold=14190.216308593752 -0.53049999475479115 3616.7834472656255 3611.798461914063 14073.367675781252
decision_type=2 2 2 2 2
left_child=2 -2 3 -1 -5
right_child=1 -3 -4 4 -6
leaf_value=0.18105876219934067 -29.933832248480154 -0.25611441998544976 19.157900756678067 -55.41628985404968 -0.13183417876561482
leaf_weight=15885 29 6242 37 20 75
leaf_count=15885 29 6242 37 20 75
internal_value=0 -0.393358 0.154008 0.110007 -11.7707
internal_weight=0 6271 16017 15980 95
internal_count=22288 6271 16017 15980 95
is_linear=0
shrinkage=0.5


Tree=96
num_leaves=6
num_cat=0
split_feature=1 8 11 2 2
split_gain=5798.31 55530.9 266607 75434.5 39329.8
threshold=70.047601699829116 13096.205566406252 4323.7309570312509 0.0017149999621324243 0.00064250000286847364
decision_type=2 2 2 2 2
left_child=1 2 3 4 -1
right_child=-2 -3 -4 -5 -6
leaf_value=-1.4321622699692493 0.14679914558628984 25.855876159667968 -52.05534580230713 26.564147683290336 1.3630185076037489
leaf_weight=3516 16741 20 25 26 1960
leaf_count=3516 16741 20 25 26 1960
internal_value=0 -0.443044 -0.538209 -0.304125 -0.431696
internal_weight=0 5547 5527 5502 5476
internal_count=22288 5547 5527 5502 5476
is_linear=0
shrinkage=0.5


Tree=97
num_leaves=6
num_cat=0
split_feature=21 7 20 11 11
split_gain=12988.3 9224.55 13315.9 9517.8 8532.46
threshold=30.050000190734867 3148.412963867188 24.349999427795414 2725.2514648437505 4104.7575683593759
decision_type=2 2 2 2 2
left_child=-1 2 -2 -3 -5
right_child=1 3 -4 4 -6
leaf_value=9.2359952063936941 -0.81275314446222979 8.4896265995321851 -13.897675191533976 -0.42244968443769415 0.2245229182172756
leaf_weight=38 59 33 29 7958 14171
leaf_count=38 59 33 29 7958 14171
internal_value=0 -0.0157738 -5.12483 0.00451301 -0.00814046
internal_weight=0 22250 88 22162 22129
internal_count=22288 22250 88 22162 22129
is_linear=0
shrinkage=0.5


Tree=98
num_leaves=6
num_cat=0
split_feature=2 10 2 0 7
split_gain=29929.3 9446.17 6692.37 9032.77 5585.97
threshold=0.0017149999621324243 15640.934570312502 3.5749999369727454e-05 8.5000000000000018 3206.7915039062505
decision_type=2 2 2 2 2
left_child=1 4 3 -3 -1
right_child=-2 2 -4 -5 -6
leaf_value=-1.0893400254098227 -16.336779917989457 -1.0343553385008937 13.263121783733368 11.69359474182129 0.058064713504768425
leaf_weight=1117 28 46 20 20 21057
leaf_count=1117 28 46 20 20 21057
internal_value=0 0.0205494 5.25063 2.8226 0.000264989
internal_weight=0 22260 86 66 22174
internal_count=22288 22260 86 66 22174
is_linear=0
shrinkage=0.5


Tree=99
num_leaves=6
num_cat=0
split_feature=10 14 2 13 12
split_gain=11822.6 67884.3 37460.8 8414.76 8068.33
threshold=15640.934570312502 25.007499694824222 0.0017149999621324243 45.400499343872077 -0.48450000584125513
decision_type=2 2 2 2 2
left_child=2 3 4 -2 -1
right_child=1 -3 -4 -5 -6
leaf_value=0.059571143434933339 12.251247171163559 -22.841278126729385 18.635616971386803 -0.47911268362292536 -1.5302872820571525
leaf_weight=21345 25 35 27 27 829
leaf_count=21345 25 35 27 27 829
internal_value=0 -5.81724 0.0227963 5.64125 0.000132493
internal_weight=0 87 22201 52 22174
internal_count=22288 87 22201 52 22174
is_linear=0
shrinkage=0.5


end of trees

feature_importances:
Column_2=92
Column_1=60
Column_10=60
Column_11=40
Column_6=25
Column_13=25
Column_24=22
Column_7=21
Column_8=21
Column_12=21
Column_20=16
Column_9=13
Column_15=11
Column_23=11
Column_0=8
Column_3=8
Column_21=8
Column_4=7
Column_14=7
Column_22=6
Column_19=5
Column_16=4
Column_17=4
Column_5=3
Column_18=2

parameters:
[boosting: gbdt]
[objective: regression]
[metric: l1]
[tree_learner: serial]
[device_type: cpu]
[data: ]
[valid: ]
[num_iterations: 100]
[learning_rate: 0.5]
[num_leaves: 6]
[num_threads: 0]
[deterministic: 0]
[force_col_wise: 0]
[force_row_wise: 0]
[histogram_pool_size: -1]
[max_depth: 6]
[min_data_in_leaf: 20]
[min_sum_hessian_in_leaf: 0.001]
[bagging_fraction: 0.7]
[pos_bagging_fraction: 1]
[neg_bagging_fraction: 1]
[bagging_freq: 0]
[bagging_seed: 400]
[feature_fraction: 0.7]
[feature_fraction_bynode: 1]
[feature_fraction_seed: 30056]
[extra_trees: 0]
[extra_seed: 12879]
[early_stopping_round: 0]
[first_metric_only: 0]
[max_delta_step: 0]
[lambda_l1: 0]
[lambda_l2: 0]
[linear_lambda: 0]
[min_gain_to_split: 0]
[drop_rate: 0.8]
[max_drop: 50]
[skip_drop: 0.8]
[xgboost_dart_mode: 0]
[uniform_drop: 0]
[drop_seed: 17869]
[top_rate: 0.2]
[other_rate: 0.1]
[min_data_per_group: 100]
[max_cat_threshold: 32]
[cat_l2: 10]
[cat_smooth: 10]
[max_cat_to_onehot: 4]
[top_k: 20]
[monotone_constraints: ]
[monotone_constraints_method: basic]
[monotone_penalty: 0]
[feature_contri: ]
[forcedsplits_filename: ]
[refit_decay_rate: 0.9]
[cegb_tradeoff: 1]
[cegb_penalty_split: 0]
[cegb_penalty_feature_lazy: ]
[cegb_penalty_feature_coupled: ]
[path_smooth: 0]
[interaction_constraints: ]
[verbosity: 1]
[saved_feature_importance_type: 0]
[linear_tree: 0]
[max_bin: 255]
[max_bin_by_feature: ]
[min_data_in_bin: 3]
[bin_construct_sample_cnt: 200000]
[data_random_seed: 175]
[is_enable_sparse: 1]
[enable_bundle: 1]
[use_missing: 1]
[zero_as_missing: 0]
[feature_pre_filter: 1]
[pre_partition: 0]
[two_round: 0]
[header: 0]
[label_column: ]
[weight_column: ]
[group_column: ]
[ignore_column: ]
[categorical_feature: ]
[forcedbins_filename: ]
[precise_float_parser: 0]
[objective_seed: 16083]
[num_class: 1]
[is_unbalance: 0]
[scale_pos_weight: 1]
[sigmoid: 1]
[boost_from_average: 1]
[reg_sqrt: 0]
[alpha: 0.9]
[fair_c: 1]
[poisson_max_delta_step: 0.7]
[tweedie_variance_power: 1.5]
[lambdarank_truncation_level: 30]
[lambdarank_norm: 1]
[label_gain: ]
[eval_at: ]
[multi_error_top_k: 1]
[auc_mu_weights: ]
[num_machines: 1]
[local_listen_port: 12400]
[time_out: 120]
[machine_list_filename: ]
[machines: ]
[gpu_platform_id: -1]
[gpu_device_id: -1]
[gpu_use_dp: 0]
[num_gpu: 1]

end of parameters

pandas_categorical:null
