tree
version=v3
num_class=1
num_tree_per_iteration=1
label_index=0
max_feature_idx=24
objective=regression
feature_names=Column_0 Column_1 Column_2 Column_3 Column_4 Column_5 Column_6 Column_7 Column_8 Column_9 Column_10 Column_11 Column_12 Column_13 Column_14 Column_15 Column_16 Column_17 Column_18 Column_19 Column_20 Column_21 Column_22 Column_23 Column_24
feature_infos=[1:200] [9.6354999542236328:10001.138671875] [2.0600000425474718e-05:0.071199998259544373] [-110250:110250] [-110250:110250] [-1514:-1500] [27413.599609375:891620.6875] [962.21502685546875:3783.802978515625] [1046.031005859375:14591.265625] [1102.8590087890625:13930.2470703125] [1456.342041015625:16048.3212890625] [1098.2850341796875:4498.72705078125] [-0.67000001668930054:0.27399998903274536] [44.854999542236328:45.7239990234375] [24.972999572753906:25.024999618530273] [26.200000762939453:27.299999237060547] [25.799999237060547:26.600000381469727] [26.899999618530273:27.899999618530273] [25.399999618530273:26.100000381469727] [26.399999618530273:27.200000762939453] [23.700000762939453:24.700000762939453] [30:35.299999237060547] [36.900001525878906:43.599998474121094] [-97.952003479003906:-95.740997314453125] [-98.0989990234375:-95.902999877929688]
tree_sizes=682 678 672 681 676 677 677 676 675 653 654 657 629 647 640 652 654 647 639 650 641 644 645 652 650 631 636 634 643 649 653 653 645 650 637 636 657 645 635 643 627 651 635 630 642 645 648 628 639 656 638 652 652 657 634 637 642 638 638 646 636 659 639 643 636 647 647 643 647 652 636 649 647 635 663 633 655 652 647 651 643 648 648 650 649 643 650 635 631 648 647 650 640 643 660 638 663 639 649 647

Tree=0
num_leaves=6
num_cat=0
split_feature=2 2 5 6 11
split_gain=1.70255e+11 2.56769e+10 2.59953e+10 2.54913e+10 1.27558e+09
threshold=0.0014950000331737103 0.00064450001809746038 -1506.9999999999998 594338.78125000012 4323.2377929687509
decision_type=2 2 2 2 2
left_child=1 4 -3 -2 -1
right_child=3 2 -4 -5 -6
leaf_value=1117.5000478170168 1061.7230491762023 1061.7497284267931 3540.0222986670938 6044.3881008176641 1417.5469915252133
leaf_weight=8830 283 1702 2797 2761 5915
leaf_count=8830 283 1702 2797 2761 5915
internal_value=2106.51 1556.89 2602.48 5581.15 1237.86
internal_weight=0 19244 4499 3044 14745
internal_count=22288 19244 4499 3044 14745
is_linear=0
shrinkage=1


Tree=1
num_leaves=6
num_cat=0
split_feature=1 2 1 2 1
split_gain=5.33882e+10 9.17232e+09 8.65837e+08 1.67373e+08 9.27174e+07
threshold=4920.4724121093759 0.0014450000016950073 1010.1621093750001 0.0014950000331737103 254.53839874267581
decision_type=2 2 2 2 2
left_child=2 -2 4 -3 -1
right_child=1 3 -4 -5 -6
leaf_value=-530.22203293074153 698.45336903057239 3221.7069046585648 -191.88932556918019 1970.7440801205842 -446.92385696639207
leaf_weight=8385 2773 27 2790 2760 5553
leaf_count=8385 2773 27 2790 2760 5553
internal_value=0 1342.28 -446.141 1982.86 -497.035
internal_weight=0 5560 16728 2787 13938
internal_count=22288 5560 16728 2787 13938
is_linear=0
shrinkage=0.5


Tree=2
num_leaves=6
num_cat=0
split_feature=1 2 1 11 2
split_gain=1.3347e+10 2.29308e+09 2.18632e+08 1.18592e+08 4.18432e+07
threshold=4920.4724121093759 0.0014450000016950073 513.21768188476574 4318.9121093750009 0.0014950000331737103
decision_type=2 2 2 2 2
left_child=2 -2 -1 -4 -3
right_child=1 4 3 -5 -6
leaf_value=-249.12225383438795 349.22671482376444 1610.8535111038773 1086.2043713160924 -106.35277787310069 985.37207084324052
leaf_weight=13851 2773 27 21 2856 2760
leaf_count=13851 2773 27 21 2856 2760
internal_value=0 671.138 -223.071 -97.648 991.432
internal_weight=0 5560 16728 2877 2787
internal_count=22288 5560 16728 2877 2787
is_linear=0
shrinkage=0.5


Tree=3
num_leaves=6
num_cat=0
split_feature=2 5 2 5 2
split_gain=2.66001e+09 4.74775e+08 3.93272e+08 4.09061e+08 1.20972e+08
threshold=0.0014450000016950073 -1506.9999999999998 0.00062950002029538165 -1506.9999999999998 0.00064450001809746038
decision_type=2 2 2 2 2
left_child=2 -2 -1 -4 -5
right_child=1 -3 3 4 -6
leaf_value=-109.25998481106043 -140.6457944265226 495.30122191523856 -133.43542372822972 1402.9285278320312 168.80446652849659
leaf_weight=14680 328 2789 1701 20 2770
leaf_count=14680 328 2789 1701 20 2770
internal_value=0 428.381 -69.6502 59.8248 177.651
internal_weight=0 3117 19171 4491 2790
internal_count=22288 3117 19171 4491 2790
is_linear=0
shrinkage=0.5


Tree=4
num_leaves=6
num_cat=0
split_feature=1 12 1 10 11
split_gain=8.39816e+08 1.45405e+08 4.7072e+07 1.89132e+07 1.29542e+07
threshold=1019.9187622070314 -0.54749998450279225 254.53839874267581 14703.036621093752 4323.2377929687509
decision_type=2 2 2 2 2
left_child=2 -2 4 -4 -1
right_child=1 -3 3 -5 -6
leaf_value=-80.43099479258089 247.77388359406052 87.298065558117642 -11.507206469226578 -61.151745282880235 -237.72818922458734
leaf_weight=8252 2791 2856 5224 3032 133
leaf_count=8252 2791 2856 5224 3032 133
internal_value=0 166.612 -56.5387 -29.7391 -82.926
internal_weight=0 5647 16641 8256 8385
internal_count=22288 5647 16641 8256 8385
is_linear=0
shrinkage=0.5


Tree=5
num_leaves=6
num_cat=0
split_feature=1 2 1 7 2
split_gain=2.09954e+08 3.68225e+07 2.04111e+07 1.38215e+07 1.04589e+07
threshold=1019.9187622070314 0.0014450000016950073 15.174000263214113 3716.9890136718755 0.0014950000331737103
decision_type=2 2 2 2 2
left_child=2 -2 -1 -4 -3
right_child=1 4 3 -5 -6
leaf_value=-63.129306486034764 43.449305583713773 433.88921667028359 -17.194961083385525 -133.62137791560247 121.17756314208542
leaf_weight=3353 2860 27 13028 260 2760
leaf_count=3353 2860 27 13028 260 2760
internal_value=0 83.3062 -28.2693 -19.473 124.207
internal_weight=0 5647 16641 13288 2787
internal_count=22288 5647 16641 13288 2787
is_linear=0
shrinkage=0.5


Tree=6
num_leaves=6
num_cat=0
split_feature=2 2 12 7 9
split_gain=4.41123e+07 1.32326e+07 1.3692e+07 7.70102e+06 4.98555e+06
threshold=0.0014450000016950073 7.9400000686291619e-05 -0.54749998450279225 3613.2910156250005 12556.980468750002
decision_type=2 2 2 2 2
left_child=1 -1 -3 -4 -2
right_child=4 2 3 -5 -6
leaf_value=-19.906770412122967 -2.4598317772594851 -26.88987053393004 18.339850695939216 260.58471367575908 62.104701447366899
leaf_weight=11322 335 2178 5638 33 2782
leaf_count=11322 335 2178 5638 33 2782
internal_value=0 -8.96934 6.80765 19.7495 55.1656
internal_weight=0 19171 7849 5671 3117
internal_count=22288 19171 7849 5671 3117
is_linear=0
shrinkage=0.5


Tree=7
num_leaves=6
num_cat=0
split_feature=1 1 2 2 10
split_gain=1.48534e+07 3.56911e+06 3.52212e+06 3.48548e+06 3.32426e+06
threshold=1010.1621093750001 112.46054840087892 0.00064450001809746038 0.0014450000016950073 14032.502929687502
decision_type=2 2 2 2 2
left_child=1 2 -1 4 -2
right_child=3 -3 -4 -5 -6
leaf_value=-28.889628726232569 7.843533058187429 -3.3903245911817823 -2.7316467138621907 31.109098248983052 102.6754118736754
leaf_weight=3659 5469 8294 1985 2787 94
leaf_count=3659 5469 8294 1985 2787 94
internal_value=0 -9.99059 -19.6898 16.6765 9.44594
internal_weight=0 13938 5644 8350 5563
internal_count=22288 13938 5644 8350 5563
is_linear=0
shrinkage=0.5


Tree=8
num_leaves=6
num_cat=0
split_feature=1 2 2 7 1
split_gain=3.71336e+06 2.95004e+06 1.49065e+06 1.48526e+06 1.22636e+06
threshold=1010.1621093750001 2.864999987650663e-05 0.0017450000159442427 3616.558959960938 19.125100135803226
decision_type=2 2 2 2 2
left_child=1 -1 4 -2 -3
right_child=3 2 -4 -5 -6
leaf_value=-48.212010196720563 8.0114998365221339 -9.3704958430334884 -140.17322912216187 144.43096351623535 0.33561824564439197
leaf_weight=384 8330 5445 20 20 8089
leaf_count=384 8330 5445 20 20 8089
internal_value=0 -4.99529 -3.77092 8.33825 -3.56935
internal_weight=0 13938 13554 8350 13534
internal_count=22288 13938 13554 8350 13534
is_linear=0
shrinkage=0.5


Tree=9
num_leaves=6
num_cat=0
split_feature=1 8 10 0 6
split_gain=1.6883e+06 1.30899e+06 849639 522977 859745
threshold=4936.8889160156259 14413.494628906252 14016.129394531252 2.5000000000000004 630493.62500000012
decision_type=2 2 2 2 2
left_child=1 3 -2 4 -1
right_child=2 -3 -4 -5 -6
leaf_value=31.277497800482305 10.576758225278587 -44.835214899874281 103.16132705688477 -1.9533896628794711 0.97252662475013107
leaf_weight=314 2813 174 25 18043 919
leaf_count=314 2813 174 25 18043 919
internal_value=0 -1.66229 11.3923 -1.27257 8.69009
internal_weight=0 19450 2838 19276 1233
internal_count=22288 19450 2838 19276 1233
is_linear=0
shrinkage=0.5


Tree=10
num_leaves=6
num_cat=0
split_feature=1 10 6 10 1
split_gain=504816 1.39041e+06 1.62036e+06 513902 422564
threshold=4920.4724121093759 14056.271972656252 607009.31250000012 8853.8217773437518 112.46054840087892
decision_type=2 2 2 2 2
left_child=3 2 -2 -1 -5
right_child=1 -3 -4 4 -6
leaf_value=17.530693372542206 106.35605728931917 -88.75698184967041 4.077944618445029 -5.45346553702222 -0.022956824411309432
leaf_weight=352 39 40 5481 5293 11083
leaf_count=352 39 40 5481 5293 11083
internal_value=0 4.12749 4.80056 -1.37188 -1.77819
internal_weight=0 5560 5520 16728 16376
internal_count=22288 5560 5520 16728 16376
is_linear=0
shrinkage=0.5


Tree=11
num_leaves=6
num_cat=0
split_feature=2 2 2 1 7
split_gain=471374 490560 4.72111e+06 1.2492e+07 2.16396e+06
threshold=0.0017450000159442427 0.00062950002029538165 0.00064450001809746038 1019.9187622070314 3613.2910156250005
decision_type=2 2 2 2 2
left_child=1 -1 3 -3 -4
right_child=-2 2 4 -5 -6
leaf_value=-1.6183259193341397 -76.726058578491205 -8.6229708353678394 2.6224773554655272 466.29852752685548 -158.10553850446428
leaf_weight=14680 20 45 7502 20 21
leaf_count=14680 20 45 7502 20 21
internal_value=0 0.0689115 3.3331 137.507 2.17381
internal_weight=0 22268 7588 65 7523
internal_count=22288 22268 7588 65 7523
is_linear=0
shrinkage=0.5


Tree=12
num_leaves=6
num_cat=0
split_feature=9 3 6 1 11
split_gain=327901 316636 825227 673444 939819
threshold=13517.969726562502 70375.000000000015 637659.53125000012 1010.1621093750001 4323.2377929687509
decision_type=2 2 2 2 2
left_child=1 -1 3 -3 -5
right_child=-2 2 -4 4 -6
leaf_value=-0.096236015417309362 -17.686969823416135 117.27434404407229 2.1784387270247474 91.091086983680725 -15.304186521791944
leaf_weight=21476 259 28 439 35 51
leaf_count=21476 259 28 439 35 51
internal_value=0 0.20795 12.0211 49.9242 27.9962
internal_weight=0 22029 553 114 86
internal_count=22288 22029 553 114 86
is_linear=0
shrinkage=0.5


Tree=13
num_leaves=6
num_cat=0
split_feature=10 20 2 2 11
split_gain=328881 843544 358602 151085 393411
threshold=15642.661132812502 24.250000000000004 0.0017149999621324243 3.7850000808248303e-05 4323.2377929687509
decision_type=2 2 2 2 2
left_child=2 -2 3 4 -1
right_child=1 -3 -4 -5 -6
leaf_value=3.3523267581733553 -0.29394505610541694 -110.44978153705597 55.684236806014489 0.30656018328500018 -18.378110490700337
leaf_weight=458 63 24 29 21332 382
leaf_count=458 63 24 29 21332 382
internal_value=0 -30.6818 0.120234 0.0475586 -6.52985
internal_weight=0 87 22201 22172 840
internal_count=22288 87 22201 22172 840
is_linear=0
shrinkage=0.5


Tree=14
num_leaves=6
num_cat=0
split_feature=2 4 6 21 7
split_gain=307833 206564 1.41417e+06 245075 151182
threshold=0.0017450000159442427 -19124.999999999996 624776.06250000012 33.750000000000007 3485.4340820312505
decision_type=2 2 2 2 2
left_child=1 2 3 4 -1
right_child=-2 -3 -4 -5 -6
leaf_value=-107.94761695861817 -62.003681564331053 0.32183540781716113 2.0297430980238405 -8.4273446500301361 -59.089826516414945
leaf_weight=20 20 21608 544 20 76
leaf_count=20 20 21608 544 20 76
internal_value=0 0.0556886 -8.6578 -58.7787 -69.2685
internal_weight=0 22268 660 116 96
internal_count=22288 22268 660 116 96
is_linear=0
shrinkage=0.5


Tree=15
num_leaves=6
num_cat=0
split_feature=9 2 7 1 2
split_gain=178681 318842 636976 209779 371415
threshold=9853.0029296875018 0.0016450000111944976 3465.4455566406255 19.125100135803226 0.00064450001809746038
decision_type=2 2 2 2 2
left_child=-1 3 -3 4 -2
right_child=1 2 -4 -5 -6
leaf_value=11.175876052542167 -5.7072311538749645 3.0972485892912922 -109.35654505491257 0.78002806726341245 3.4036724249619525
leaf_weight=352 3575 34 20 16679 1628
leaf_count=352 3575 34 20 16679 1628
internal_value=0 -0.179336 -38.5523 -0.0846396 -2.85646
internal_weight=0 21936 54 21882 5203
internal_count=22288 21936 54 21882 5203
is_linear=0
shrinkage=0.5


Tree=16
num_leaves=6
num_cat=0
split_feature=15 2 6 1 8
split_gain=216323 116666 87316.3 121519 600952
threshold=27.250000000000004 0.0017149999621324243 798387.84375000012 254.53839874267581 13692.547363281252
decision_type=2 2 2 2 2
left_child=1 2 -1 4 -4
right_child=-2 -3 3 -5 -6
leaf_value=-0.67448232189805002 51.977080881595612 -31.206000137329102 2.8652237711120789 -0.71591124349780799 72.780012315319425
leaf_weight=15262 20 30 3604 3341 31
leaf_count=15262 20 30 3604 3341 31
internal_value=0 -0.0466832 -0.00464798 1.46081 3.46147
internal_weight=0 22268 22238 6976 3635
internal_count=22288 22268 22238 6976 3635
is_linear=0
shrinkage=0.5


Tree=17
num_leaves=6
num_cat=0
split_feature=9 22 4 10 9
split_gain=83164.9 135475 97126.5 346343 185174
threshold=9691.5390625000018 39.549999237060554 1.0000000180025095e-35 15596.478027343752 10603.850585937502
decision_type=2 2 2 2 2
left_child=1 -1 3 4 -2
right_child=2 -3 -4 -5 -6
leaf_value=47.376801650971174 1.9197633508147236 3.3268952704966068 0.40682576599898201 -55.904697256783642 -5.2124943818445102
leaf_weight=24 1672 64 18501 30 1997
leaf_count=24 1672 64 18501 30 1997
internal_value=0 15.3405 -0.0608092 -2.39974 -1.96225
internal_weight=0 88 22200 3699 3669
internal_count=22288 88 22200 3699 3669
is_linear=0
shrinkage=0.5


Tree=18
num_leaves=6
num_cat=0
split_feature=20 16 12 11 10
split_gain=87186.2 203256 236288 70214.6 201294
threshold=23.849999427795414 26.250000000000004 -0.49549999833106989 4481.3061523437509 15596.478027343752
decision_type=2 2 2 2 2
left_child=1 -1 -3 4 -2
right_child=3 2 -4 -5 -6
leaf_value=3.3940280468534465 -0.10659941568654765 79.2672641992569 5.6810238684217138 14.199012290730195 -25.078581982924614
leaf_weight=416 21662 20 24 85 81
leaf_count=416 21662 20 24 85 81
internal_value=0 6.81219 39.1293 -0.143559 -0.199628
internal_weight=0 460 44 21828 21743
internal_count=22288 460 44 21828 21743
is_linear=0
shrinkage=0.5


Tree=19
num_leaves=6
num_cat=0
split_feature=18 11 1 6 15
split_gain=59114.1 1.27439e+06 141645 64540.3 52272.1
threshold=25.849999427795414 4332.2363281250009 18.271549224853519 587473.40625000012 27.250000000000004
decision_type=2 2 2 2 2
left_child=4 2 -2 -4 -1
right_child=1 -3 3 -5 -6
leaf_value=0.26377671851731543 0.90065077460681964 -112.40970428173358 -9.2021268904209137 19.726353311538695 25.838426804542543
leaf_weight=19765 1921 26 536 20 20
leaf_count=19765 1921 26 536 20 20
internal_value=0 -2.28938 -1.13349 -8.16153 0.289629
internal_weight=0 2503 2477 556 19785
internal_count=22288 2503 2477 556 19785
is_linear=0
shrinkage=0.5


Tree=20
num_leaves=6
num_cat=0
split_feature=10 24 2 20 10
split_gain=98610.9 758997 281050 129591 49037.8
threshold=15642.661132812502 -96.160999298095689 0.0017149999621324243 24.250000000000004 15596.478027343752
decision_type=2 2 2 2 2
left_child=2 -2 4 -3 -1
right_child=1 3 -4 -5 -6
leaf_value=-0.045172302420985883 -99.593377453940249 -6.1238499663092876 49.256065763276197 40.875569343566895 11.848876355708331
leaf_weight=22085 21 44 29 22 87
leaf_count=22085 21 44 29 22 87
internal_value=0 -16.8005 0.065837 9.54262 0.00149837
internal_weight=0 87 22201 66 22172
internal_count=22288 87 22201 66 22172
is_linear=0
shrinkage=0.5


Tree=21
num_leaves=6
num_cat=0
split_feature=2 10 24 3 6
split_gain=223099 75435.7 115036 47387.8 245186
threshold=0.0017149999621324243 15642.661132812502 -96.160999298095689 70375.000000000015 630493.62500000012
decision_type=2 2 2 2 2
left_child=1 3 -3 -1 -5
right_child=-2 2 -4 4 -6
leaf_value=-0.11809614157836808 -43.088933817545573 48.057530593872073 4.7713116515766494 27.119824284254904 -0.24842486091715804
leaf_weight=21601 30 20 66 99 472
leaf_count=21601 30 20 66 99 472
internal_value=0 0.0580766 14.8379 0.000749202 4.49668
internal_weight=0 22258 86 22172 571
internal_count=22288 22258 86 22172 571
is_linear=0
shrinkage=0.5


Tree=22
num_leaves=6
num_cat=0
split_feature=10 15 11 1 11
split_gain=83786.3 692872 41087.3 431796 323493
threshold=15642.661132812502 27.050000190734867 4323.2377929687509 1019.9187622070314 4318.9121093750009
decision_type=2 2 2 2 2
left_child=2 -2 4 -4 -1
right_child=1 -3 3 -5 -6
leaf_value=0.30410464788735025 -97.155714130401606 8.8926309329360276 -0.65162992982383572 -44.384272257486977 30.874430303943569
leaf_weight=16285 20 67 5772 57 87
leaf_count=16285 20 67 5772 57 87
internal_value=0 -15.4863 0.0606868 -1.07928 0.466554
internal_weight=0 87 22201 5829 16372
internal_count=22288 87 22201 5829 16372
is_linear=0
shrinkage=0.5


Tree=23
num_leaves=6
num_cat=0
split_feature=11 15 2 12 2
split_gain=67335.6 118265 48152 54428.2 105208
threshold=4481.3061523437509 27.050000190734867 0.0017149999621324243 -0.49250000715255732 0.0016450000111944976
decision_type=2 2 2 2 2
left_child=2 -2 3 4 -1
right_child=1 -3 -4 -5 -6
leaf_value=0.11480670281831597 47.64643564224243 3.7569405382329766 -20.072189458211263 -3.1443971556384365 23.077915917634964
leaf_weight=20805 20 66 30 1317 50
leaf_count=20805 20 66 30 1317 50
internal_value=0 13.9638 -0.0540892 -0.0270035 0.169861
internal_weight=0 86 22202 22172 20855
internal_count=22288 86 22202 22172 20855
is_linear=0
shrinkage=0.5


Tree=24
num_leaves=6
num_cat=0
split_feature=11 12 13 13 23
split_gain=72433.3 107274 38918.8 367966 266191
threshold=2724.4094238281255 -0.45949999988079065 45.326000213623054 45.33399963378907 -95.952499389648423
decision_type=2 2 2 2 2
left_child=1 -1 4 -4 -2
right_child=2 -3 3 -5 -6
leaf_value=4.5431280337524278 -0.074798973992507678 45.498476953733537 -50.255612150216713 -1.2053074899927163 14.737613233024037
leaf_weight=67 19903 21 39 1950 308
leaf_count=67 19903 21 39 1950 308
internal_value=0 14.3166 -0.0567503 -2.16708 0.150931
internal_weight=0 88 22200 1989 20211
internal_count=22288 88 22200 1989 20211
is_linear=0
shrinkage=0.5


Tree=25
num_leaves=6
num_cat=0
split_feature=2 4 8 6 9
split_gain=57596.2 32327.5 783104 392323 876305
threshold=0.0017149999621324243 69125.000000000015 12492.766113281252 595747.56250000012 13017.322753906252
decision_type=2 2 2 2 2
left_child=1 -1 -3 4 -4
right_child=-2 2 3 -5 -6
leaf_value=0.1272844239568364 -21.893434635798137 -48.268853560799641 127.19618389606475 -1.6620349302000943 2.2361851195071605
leaf_weight=21687 30 84 20 420 47
leaf_count=21687 30 84 20 420 47
internal_value=0 0.0295086 -3.68409 4.0061 39.5377
internal_weight=0 22258 571 487 67
internal_count=22288 22258 571 487 67
is_linear=0
shrinkage=0.5


Tree=26
num_leaves=6
num_cat=0
split_feature=10 9 19 1 9
split_gain=55018 488609 36399 63348.4 35435.3
threshold=15642.661132812502 13449.266601562502 27.150000572204593 1014.8442993164064 9853.0029296875018
decision_type=2 2 2 2 2
left_child=2 -2 4 -4 -1
right_child=1 -3 3 -5 -6
leaf_value=5.0630676832621582 -66.941493306841167 13.264207920785678 3.7792559958793022 -25.286100999305123 0.0059985775781592303
leaf_weight=352 28 59 37 38 21774
leaf_count=352 28 59 37 38 21774
internal_value=0 -12.5491 0.0491768 -10.9472 0.0864509
internal_weight=0 87 22201 75 22126
internal_count=22288 87 22201 75 22126
is_linear=0
shrinkage=0.5


Tree=27
num_leaves=6
num_cat=0
split_feature=11 1 10 23 9
split_gain=85107.9 166744 106361 576960 42136.3
threshold=4472.7895507812509 513.21768188476574 15317.837402343752 -97.409000396728501 13449.266601562502
decision_type=2 2 2 2 2
left_child=2 4 -1 -4 -2
right_child=1 -3 3 -5 -6
leaf_value=-0.016465974195437137 24.270509949950284 -29.571181925860319 -92.111408609151837 4.3376952336588204 7.3269572257995605
leaf_weight=22027 86 22 20 69 64
leaf_count=22027 86 22 20 69 64
internal_value=0 11.0792 -0.0861649 -17.3363 17.0413
internal_weight=0 172 22116 89 150
internal_count=22288 172 22116 89 150
is_linear=0
shrinkage=0.5


Tree=28
num_leaves=6
num_cat=0
split_feature=11 10 9 2 1
split_gain=37973.6 205539 437764 306264 73371.1
threshold=4418.6860351562509 15304.919433593752 13082.233886718752 0.0017149999621324243 513.21768188476574
decision_type=2 2 2 2 2
left_child=1 3 -3 -1 -2
right_child=4 2 -4 -5 -6
leaf_value=-0.069724590515108917 9.166806228346843 -89.705171111226079 0.89326926469802859 51.347268021312253 -8.2722730052012672
leaf_weight=21855 266 20 40 29 78
leaf_count=21855 266 20 40 29 78
internal_value=0 -0.081714 -29.3062 -0.00158838 5.2126
internal_weight=0 21944 60 21884 344
internal_count=22288 21944 60 21884 344
is_linear=0
shrinkage=0.5


Tree=29
num_leaves=6
num_cat=0
split_feature=12 5 6 11 0
split_gain=30771.9 29583 670698 117233 66806.8
threshold=-0.44150000810623163 -1506.9999999999998 582604.50000000012 3079.711547851563 2.5000000000000004
decision_type=2 2 2 2 2
left_child=1 2 3 4 -1
right_child=-2 -3 -4 -5 -6
leaf_value=-14.243279186454979 -17.893992344538372 0.22607099300422157 -92.788488438725466 -9.2708994076493081 1.0437615822632644
leaf_weight=74 24 19725 20 356 2089
leaf_count=74 24 19725 20 356 2089
internal_value=0 0.0192892 -1.58716 -0.863051 0.520765
internal_weight=0 22264 2539 2519 2163
internal_count=22288 22264 2539 2519 2163
is_linear=0
shrinkage=0.5


Tree=30
num_leaves=6
num_cat=0
split_feature=2 9 1 9 4
split_gain=122255 24541.8 47242.2 170770 87175.8
threshold=0.0017149999621324243 12386.386230468752 254.53839874267581 13180.122070312502 -69124.999999999985
decision_type=2 2 2 2 2
left_child=1 -1 3 4 -3
right_child=-2 2 -4 -5 -6
leaf_value=-0.74567757715616201 -31.89699780146281 14.894873114531672 -0.054715937972208917 29.724762084267358 1.0978096476786874
leaf_weight=6835 30 119 12229 55 3020
leaf_count=6835 30 119 12229 55 3020
internal_value=0 0.0429917 0.392506 2.1048 1.62086
internal_weight=0 22258 15423 3194 3139
internal_count=22288 22258 15423 3194 3139
is_linear=0
shrinkage=0.5


Tree=31
num_leaves=6
num_cat=0
split_feature=10 22 2 12 10
split_gain=58327.5 460526 206916 62302.5 104152
threshold=15642.661132812502 38.850000381469734 0.0017149999621324243 -0.49250000715255732 15317.837402343752
decision_type=2 2 2 2 2
left_child=2 -2 3 4 -1
right_child=1 -3 -4 -5 -6
leaf_value=0.16892579325851048 -59.455777486165367 15.516837262720973 42.257630800378735 -3.3398520216674967 33.834064608034879
leaf_weight=20832 33 54 29 1317 23
leaf_count=20832 33 54 29 1317 23
internal_value=0 -12.9211 0.0506343 -0.00457061 0.206053
internal_weight=0 87 22201 22172 20855
internal_count=22288 87 22201 22172 20855
is_linear=0
shrinkage=0.5


Tree=32
num_leaves=6
num_cat=0
split_feature=2 10 20 0 2
split_gain=150430 57325.4 31570.5 37252.4 21975.9
threshold=0.0017149999621324243 15642.661132812502 24.250000000000004 9.5000000000000018 0.00086049997480586182
decision_type=2 2 2 2 2
left_child=1 4 3 -3 -1
right_child=-2 2 -4 -5 -6
leaf_value=-0.23743116569586573 -35.382090950012206 -1.45387449718657 28.786846150522646 24.33799730028425 1.0514821423857723
leaf_weight=18127 30 42 23 21 4045
leaf_count=18127 30 42 23 21 4045
internal_value=0 0.0476891 12.9318 7.14342 -0.00228529
internal_weight=0 22258 86 63 22172
internal_count=22288 22258 86 63 22172
is_linear=0
shrinkage=0.5


Tree=33
num_leaves=6
num_cat=0
split_feature=10 13 2 10 6
split_gain=55895 444963 174592 20134.9 410501
threshold=15642.661132812502 45.396999359130866 0.0017149999621324243 13936.985839843752 597143.09375000012
decision_type=2 2 2 2 2
left_child=2 -2 3 -1 -5
right_child=1 -3 -4 4 -6
leaf_value=-0.45294344904770717 -78.096513938903811 6.8878996336638041 38.819861301060378 63.249684815223404 0.34555319506597981
leaf_weight=11675 20 67 29 26 10471
leaf_count=11675 20 67 29 26 10471
internal_value=0 -12.6487 0.0495672 -0.00114268 0.50136
internal_weight=0 87 22201 22172 10497
internal_count=22288 87 22201 22172 10497
is_linear=0
shrinkage=0.5


Tree=34
num_leaves=6
num_cat=0
split_feature=11 10 7 20 3
split_gain=39566.7 89189 530497 85166.4 33569.6
threshold=4481.3061523437509 15596.478027343752 3387.9370117187505 24.050000190734867 -19124.999999999996
decision_type=2 2 2 2 2
left_child=1 4 -3 -2 -1
right_child=3 2 -4 -5 -6
leaf_value=-3.5640116425624782 39.287271499633789 5.1260720701778633 -87.510673260688776 2.0424125208096071 0.12759212625809244
leaf_weight=634 20 68 20 66 21480
leaf_count=634 20 68 20 66 21480
internal_value=0 -0.0414623 -15.9277 10.704 0.0217552
internal_weight=0 22202 88 86 22114
internal_count=22288 22202 88 86 22114
is_linear=0
shrinkage=0.5


Tree=35
num_leaves=6
num_cat=0
split_feature=2 10 13 7 11
split_gain=135920 56862.1 36618.7 29357 56158.1
threshold=0.0017149999621324243 15304.919433593752 45.134000778198249 3387.9370117187505 4481.3061523437509
decision_type=2 2 2 2 2
left_child=1 -1 -3 -4 -5
right_child=-2 2 3 4 -6
leaf_value=-0.055239976375329722 -33.632474772135417 16.799874804913998 0.69341757318170949 34.962943199276921 4.1687143267246718
leaf_weight=21911 30 68 202 20 57
leaf_count=21911 30 68 202 20 57
internal_value=0 0.0453309 6.39579 3.86002 12.1672
internal_weight=0 22258 347 279 77
internal_count=22288 22258 347 279 77
is_linear=0
shrinkage=0.5


Tree=36
num_leaves=6
num_cat=0
split_feature=2 8 7 9 2
split_gain=33980 15697 56132.9 27805.1 103968
threshold=0.0017149999621324243 13871.664062500002 3716.9890136718755 13069.287109375002 0.0014950000331737103
decision_type=2 2 2 2 2
left_child=1 2 3 -1 -5
right_child=-2 -3 -4 4 -6
leaf_value=-0.026744711898971228 -16.816235383351643 -1.1293937677453305 16.126732401414351 4.2692691840463608 -8.3481380293766652
leaf_weight=18310 30 2610 55 1091 192
leaf_count=18310 30 2610 55 1091 192
internal_value=0 0.0226654 0.175703 0.130926 2.38108
internal_weight=0 22258 19648 19593 1283
internal_count=22288 22258 19648 19593 1283
is_linear=0
shrinkage=0.5


Tree=37
num_leaves=6
num_cat=0
split_feature=12 1 1 12 1
split_gain=27276.1 114446 30350.9 23687.7 197405
threshold=-0.45949999988079065 14.118850231170656 15.396249771118166 -0.50049999356269825 4924.9704589843759
decision_type=2 2 2 2 2
left_child=3 -2 -3 -1 -5
right_child=1 2 -4 4 -6
leaf_value=0.11534712908241625 41.001586732410246 4.7004660209442708 -16.324314662388392 -0.9105470770385844 -33.386702705174685
leaf_weight=20245 21 94 21 1859 48
leaf_count=20245 21 94 21 1859 48
internal_value=0 7.05931 0.861158 -0.0433399 -1.72799
internal_weight=0 136 115 22152 1907
internal_count=22288 136 115 22152 1907
is_linear=0
shrinkage=0.5


Tree=38
num_leaves=6
num_cat=0
split_feature=24 13 23 6 24
split_gain=18167 193401 67408.3 85607.7 27236
threshold=-96.03749847412108 45.177000045776374 -95.875499725341783 637659.53125000012 -96.11049652099608
decision_type=2 2 2 2 2
left_child=4 -2 3 -3 -1
right_child=1 2 -4 -5 -6
leaf_value=0.029866222867205965 45.036346380527206 41.912805365664617 -2.05262069142226 -1.3909718465805054 -3.4782792684477819
leaf_weight=21318 26 21 330 25 568
leaf_count=21318 26 21 330 25 568
internal_value=0 3.33078 0.446888 18.3781 -0.0611795
internal_weight=0 402 376 46 21886
internal_count=22288 402 376 46 21886
is_linear=0
shrinkage=0.5


Tree=39
num_leaves=6
num_cat=0
split_feature=2 1 15 13 1
split_gain=41117.9 747862 14502.3 321382 84783.5
threshold=0.0016949999844655397 13.914249897003176 26.94999980926514 45.267000198364265 4927.4855957031259
decision_type=2 2 2 2 2
left_child=2 -2 -1 -4 -5
right_child=1 -3 3 4 -6
leaf_value=-0.061350135404020012 44.236726919809975 -86.677390483021739 63.065104468947368 -1.6209985765800823 9.5293667321333864
leaf_weight=21156 24 20 21 854 213
leaf_count=21156 24 20 21 854 213
internal_value=0 -15.2697 0.0302044 1.81047 0.604894
internal_weight=0 44 22244 1088 1067
internal_count=22288 44 22244 1088 1067
is_linear=0
shrinkage=0.5


Tree=40
num_leaves=6
num_cat=0
split_feature=10 1 2 8 0
split_gain=41564.8 433435 142525 28629 19796
threshold=15642.661132812502 509.29859924316412 0.0017149999621324243 12492.766113281252 7.5000000000000009
decision_type=2 2 2 2 2
left_child=2 -2 -1 -3 -5
right_child=1 3 -4 4 -6
leaf_value=-0.0030733649459726816 -75.501868665404615 23.156358361244202 35.072155146763244 -8.6620105504989624 12.358835118157524
leaf_weight=22172 20 22 29 24 21
leaf_count=22172 20 22 29 24 21
internal_value=0 -10.9075 0.0427436 8.37444 1.14772
internal_weight=0 87 22201 67 45
internal_count=22288 87 22201 67 45
is_linear=0
shrinkage=0.5


Tree=41
num_leaves=6
num_cat=0
split_feature=2 11 21 17 2
split_gain=122768 29004.5 25166.9 15256.2 358010
threshold=0.0017149999621324243 4481.3061523437509 32.649999618530281 27.750000000000004 0.00064450001809746038
decision_type=2 2 2 2 2
left_child=1 3 -3 -1 -5
right_child=-2 2 -4 4 -6
leaf_value=0.059060960760984577 -31.963871955871582 16.293401077681896 -1.1172625201089041 7.5568522167883714 -27.723900051214375
leaf_weight=21835 30 51 35 233 104
leaf_count=21835 30 51 35 233 104
internal_value=0 0.0430819 9.20767 0.00753459 -3.33098
internal_weight=0 22258 86 22172 337
internal_count=22288 22258 86 22172 337
is_linear=0
shrinkage=0.5


Tree=42
num_leaves=6
num_cat=0
split_feature=2 16 3 6 3
split_gain=30692 16691.7 177941 176867 116511
threshold=0.0017149999621324243 26.349999427795414 -19124.999999999996 607009.31250000012 5000.0000000000009
decision_type=2 2 2 2 2
left_child=1 -1 3 -3 -4
right_child=-2 2 4 -5 -6
leaf_value=-0.065995423185302507 -15.981935119628906 -54.455764697148247 1.2924255372810143 -3.435855893456206 16.27563374631244
leaf_weight=21384 30 26 636 49 163
leaf_count=21384 30 26 636 49 163
internal_value=0 0.0215409 2.16328 -21.1228 4.34908
internal_weight=0 22258 874 75 799
internal_count=22288 22258 874 75 799
is_linear=0
shrinkage=0.5


Tree=43
num_leaves=6
num_cat=0
split_feature=10 24 1 12 1
split_gain=39358.6 288025 35263.3 33039.4 58315.6
threshold=15642.661132812502 -96.160999298095689 509.31498718261724 -0.45450000464916224 14.520400047302248
decision_type=2 2 2 2 2
left_child=3 -2 -3 -1 -5
right_child=1 2 -4 4 -6
leaf_value=0.002678696332173121 -61.616131998243787 19.949072801149807 -3.7039607383310793 32.672588907537005 2.5807010350020034
leaf_weight=22111 21 26 40 21 69
leaf_count=22111 21 26 40 21 69
internal_value=0 -10.614 5.6139 0.0415937 9.60214
internal_weight=0 87 66 22201 90
internal_count=22288 87 66 22201 90
is_linear=0
shrinkage=0.5


Tree=44
num_leaves=6
num_cat=0
split_feature=2 9 19 13 7
split_gain=25941 87592.8 64969.3 514216 123316
threshold=3.0650000553578145e-05 13517.969726562502 27.050000190734867 45.228000640869148 3605.753051757813
decision_type=2 2 2 2 2
left_child=-1 2 -2 -4 -5
right_child=1 -3 3 4 -6
leaf_value=-3.4135612159123574 -0.088184032809159082 20.197808927959866 80.575581783598125 6.31263233219408 -15.780387702469643
leaf_weight=543 21259 54 22 332 78
leaf_count=543 21259 54 22 332 78
internal_value=0 0.0852409 0.0351704 6.10552 2.10957
internal_weight=0 21745 21691 432 410
internal_count=22288 21745 21691 432 410
is_linear=0
shrinkage=0.5


Tree=45
num_leaves=6
num_cat=0
split_feature=10 13 23 24 23
split_gain=65035.7 420250 45552.2 17489.3 49414.1
threshold=15642.661132812502 45.396999359130866 -95.964000701904283 -96.11049652099608 -95.964000701904283
decision_type=2 2 2 2 2
left_child=3 -2 -3 4 -1
right_child=1 2 -4 -5 -6
leaf_value=0.068663523297927576 -77.248167000710964 24.638024648030598 -3.4663162957067075 -2.0701041753565246 7.6353223061342854
leaf_weight=21054 20 21 46 929 218
leaf_count=21054 20 21 46 929 218
internal_value=0 -13.6439 5.34251 0.0534667 0.146208
internal_weight=0 87 67 22201 21272
internal_count=22288 87 67 22201 21272
is_linear=0
shrinkage=0.5


Tree=46
num_leaves=6
num_cat=0
split_feature=10 20 2 20 12
split_gain=16258.9 218213 158115 56188.2 19382.5
threshold=15642.661132812502 24.250000000000004 0.0017149999621324243 24.150000572204593 -0.49250000715255732
decision_type=2 2 2 2 2
left_child=2 3 4 -2 -1
right_child=1 -3 -4 -5 -6
leaf_value=0.095954609130451368 30.528507804870607 -47.392888784408569 36.922310541416039 -1.5499638461529515 -1.8818320485504434
leaf_weight=20855 20 24 29 43 1317
leaf_count=20855 20 24 29 43 1317
internal_value=0 -6.82193 0.0267334 8.63368 -0.0215244
internal_weight=0 87 22201 63 22172
internal_count=22288 87 22201 63 22172
is_linear=0
shrinkage=0.5


Tree=47
num_leaves=6
num_cat=0
split_feature=11 20 10 20 16
split_gain=31808.6 55189.4 48289.5 272191 19986.9
threshold=4481.3061523437509 24.250000000000004 15596.478027343752 24.250000000000004 26.44999980926514
decision_type=2 2 2 2 2
left_child=2 4 -1 -4 -2
right_child=1 -3 3 -5 -6
leaf_value=0.0093408362241946194 8.972080557686942 28.838841566672691 3.3542732521891594 -63.0014931678772 -9.5382635831832889
leaf_weight=22114 35 26 68 20 25
leaf_count=22114 35 26 68 20 25
internal_value=0 9.5974 -0.0371758 -11.7266 1.25944
internal_weight=0 86 22202 88 60
internal_count=22288 86 22202 88 60
is_linear=0
shrinkage=0.5


Tree=48
num_leaves=6
num_cat=0
split_feature=2 11 20 1 24
split_gain=81976.3 23207.2 50947.2 27141.1 15128.2
threshold=0.0017149999621324243 4472.7895507812509 24.250000000000004 509.31498718261724 -96.160999298095689
decision_type=2 2 2 2 2
left_child=1 -1 4 -4 -3
right_child=-2 2 3 -5 -6
leaf_value=-0.0098508159800317161 -26.119265937805174 10.551877309536112 32.128020265828006 8.0919826428095494 -2.4793048870439329
leaf_weight=22086 30 29 23 24 96
leaf_count=22086 30 29 23 24 96
internal_value=0 0.0352043 5.8206 19.8543 0.543929
internal_weight=0 22258 172 47 125
internal_count=22288 22258 172 47 125
is_linear=0
shrinkage=0.5


Tree=49
num_leaves=6
num_cat=0
split_feature=10 13 2 7 2
split_gain=35970.5 206673 115079 12085.5 15468.8
threshold=15642.661132812502 45.396999359130866 0.0017149999621324243 3735.9541015625005 3.0650000553578145e-05
decision_type=2 2 2 2 2
left_child=2 -2 3 4 -1
right_child=1 -3 -4 -5 -6
leaf_value=-3.2397770666592831 -54.751025366783139 3.1677415423762443 31.516117539899103 4.1613222552258842 0.02069550786906103
leaf_weight=370 20 67 29 173 21629
leaf_count=370 20 67 29 173 21629
internal_value=0 -10.1469 0.0397632 -0.00140653 -0.0341422
internal_weight=0 87 22201 22172 21999
internal_count=22288 87 22201 22172 21999
is_linear=0
shrinkage=0.5


Tree=50
num_leaves=6
num_cat=0
split_feature=2 11 18 20 15
split_gain=90080.4 19295.2 47530.3 15697.8 16526
threshold=0.0017149999621324243 4472.7895507812509 25.750000000000004 24.250000000000004 27.150000572204593
decision_type=2 2 2 2 2
left_child=1 -1 3 -3 -5
right_child=-2 2 -4 4 -6
leaf_value=-0.0041791171936585957 -27.379904588063557 -1.986815683466872 24.161412493458815 18.325100225706894 -0.43059802055358887
leaf_weight=22086 30 97 28 24 23
leaf_count=22086 30 97 28 24 23
internal_value=0 0.0369035 5.31219 1.64707 9.14678
internal_weight=0 22258 172 144 47
internal_count=22288 22258 172 144 47
is_linear=0
shrinkage=0.5


Tree=51
num_leaves=6
num_cat=0
split_feature=2 10 20 10 6
split_gain=22520.1 18638.4 39588.4 11951.8 123715
threshold=0.0017149999621324243 15642.661132812502 24.150000572204593 13936.985839843752 597143.09375000012
decision_type=2 2 2 2 2
left_child=1 3 -3 -1 -5
right_child=-2 2 -4 4 -6
leaf_value=-0.35813148637886538 -13.689953422546386 26.852774330973624 1.4596438425959963 34.82441408817585 0.29157261858400657
leaf_weight=11675 30 20 66 26 10471
leaf_count=11675 30 20 66 26 10471
internal_value=0 0.0184517 7.36502 -0.0100439 0.377107
internal_weight=0 22258 86 22172 10497
internal_count=22288 22258 86 22172 10497
is_linear=0
shrinkage=0.5


Tree=52
num_leaves=6
num_cat=0
split_feature=10 8 2 2 19
split_gain=40884.3 219840 152636 14788.3 36764.6
threshold=15642.661132812502 12510.132812500002 0.0017149999621324243 0.00086049997480586182 27.050000190734867
decision_type=2 2 2 2 2
left_child=2 -2 3 -1 -5
right_child=1 -3 -4 4 -6
leaf_value=-0.19791814022893875 6.9546844342659258 -46.362815819937609 36.292987765937013 0.64942704582907962 11.680375911585696
leaf_weight=18127 58 29 29 3968 77
leaf_count=18127 58 29 29 3968 77
internal_value=0 -10.8178 0.0423922 -0.00502195 0.85941
internal_weight=0 87 22201 22172 4045
internal_count=22288 87 22201 22172 4045
is_linear=0
shrinkage=0.5


Tree=53
num_leaves=6
num_cat=0
split_feature=2 10 9 1 7
split_gain=67004 27065.4 12198 62952.8 36884.5
threshold=0.0017149999621324243 15642.661132812502 13311.125488281252 1019.9187622070314 3624.1875000000005
decision_type=2 2 2 2 2
left_child=1 2 4 -4 -1
right_child=-2 -3 3 -5 -6
leaf_value=0.069537585214180922 -23.613873672485351 8.8847625167217359 -0.70906443456852142 -24.116651951239028 6.4952124590795917
leaf_weight=18901 30 86 3016 29 226
leaf_count=18901 30 86 3016 29 226
internal_value=0 0.0318275 -0.00251097 -0.931994 0.145462
internal_weight=0 22258 22172 3045 19127
internal_count=22288 22258 22172 3045 19127
is_linear=0
shrinkage=0.5


Tree=54
num_leaves=6
num_cat=0
split_feature=10 13 8 4 10
split_gain=32631.6 178130 30354.7 14698.8 143796
threshold=15642.661132812502 45.396999359130866 12510.132812500002 69125.000000000015 15225.668457031252
decision_type=2 2 2 2 2
left_child=3 -2 -3 -1 -5
right_child=1 2 -4 4 -6
leaf_value=0.10373661072992729 -51.074126577377321 -5.7784538236333098 16.061014633912308 -0.3111253764663795 -31.773099715893085
leaf_weight=21634 20 41 26 528 39
leaf_count=21634 20 41 26 528 39
internal_value=0 -9.66451 2.69656 0.0378727 -2.47518
internal_weight=0 87 67 22201 567
internal_count=22288 87 67 22201 567
is_linear=0
shrinkage=0.5


Tree=55
num_leaves=6
num_cat=0
split_feature=11 13 2 23 7
split_gain=18041.8 33669.8 14414 12912.7 17016.9
threshold=4472.7895507812509 45.318000793457038 0.0017149999621324243 -95.898998260498033 3387.9370117187505
decision_type=2 2 2 2 2
left_child=2 -2 -1 -3 -5
right_child=1 3 -4 4 -6
leaf_value=-0.024795196851952261 22.064562377929686 -1.5668736773260523 -10.992012596130371 0.5667812950683363 17.860848850458861
leaf_weight=22086 25 89 30 33 25
leaf_count=22086 25 89 30 33 25
internal_value=0 5.10109 -0.0396721 2.21614 8.02112
internal_weight=0 172 22116 147 58
internal_count=22288 172 22116 147 58
is_linear=0
shrinkage=0.5


Tree=56
num_leaves=6
num_cat=0
split_feature=10 2 22 13 12
split_gain=21824.6 145400 141407 34097.8 10984
threshold=15642.661132812502 0.0017149999621324243 38.850000381469734 45.403999328613288 -0.44150000810623163
decision_type=2 2 2 2 2
left_child=1 4 -2 -4 -1
right_child=2 -3 3 -5 -6
leaf_value=-0.026139604528389062 -33.689897295200467 35.411875050643395 23.007460485805165 -2.5633082184940577 11.414397614342827
leaf_weight=22151 33 29 22 32 21
leaf_count=22151 33 29 22 32 21
internal_value=0 0.0309729 -7.90377 7.85441 -0.0153038
internal_weight=0 22201 87 54 22172
internal_count=22288 22201 87 54 22172
is_linear=0
shrinkage=0.5


Tree=57
num_leaves=6
num_cat=0
split_feature=2 11 21 21 21
split_gain=58424.2 14424.4 43090.9 24234.2 12604.5
threshold=0.0017149999621324243 4481.3061523437509 32.649999618530281 30.44999980926514 30.050000190734867
decision_type=2 2 2 2 2
left_child=1 4 3 -3 -1
right_child=-2 2 -4 -5 -6
leaf_value=-9.6150103456833786 -22.050247891743979 5.0767396550912123 -7.0176487522465845 26.8795809173584 0.019425915915740638
leaf_weight=34 30 26 35 25 22138
leaf_count=34 30 26 35 25 22138
internal_value=0 0.02972 6.49264 15.7644 0.00465184
internal_weight=0 22258 86 51 22172
internal_count=22288 22258 86 51 22172
is_linear=0
shrinkage=0.5


Tree=58
num_leaves=6
num_cat=0
split_feature=10 15 1 8 6
split_gain=17124.3 191315 14187.7 9534.69 77645.9
threshold=15642.661132812502 27.050000190734867 509.34484863281256 11880.127929687502 578715.09375000012
decision_type=2 2 2 2 2
left_child=3 -2 -3 4 -1
right_child=1 2 -4 -5 -6
leaf_value=0.71010522069353876 -49.915897976607084 12.165421970580754 -2.5195263655021272 -0.081237598196295335 29.914443661337312
leaf_weight=2177 20 38 29 20001 23
leaf_count=2177 20 38 29 20001 23
internal_value=0 -7.00113 5.80925 0.0274356 1.01542
internal_weight=0 87 67 22201 2200
internal_count=22288 87 67 22201 2200
is_linear=0
shrinkage=0.5


Tree=59
num_leaves=6
num_cat=0
split_feature=13 10 9 13 12
split_gain=9584.62 40796.6 308252 35781 61564.7
threshold=45.368999481201179 15596.478027343752 13409.290039062502 45.361000061035163 -0.48749999701976771
decision_type=2 2 2 2 2
left_child=1 3 -3 -1 -5
right_child=-2 2 -4 4 -6
leaf_value=-0.012108612968936856 1.1742827637917213 -57.442517199299552 25.342854087767392 3.7304806281075193 -20.774388540062038
leaf_weight=20528 1612 22 23 48 55
leaf_count=20528 1612 22 23 48 55
internal_value=0 -0.0915527 -15.13 -0.0587511 -9.35464
internal_weight=0 20676 45 20631 103
internal_count=22288 20676 45 20631 103
is_linear=0
shrinkage=0.5


Tree=60
num_leaves=6
num_cat=0
split_feature=11 10 1 13 24
split_gain=24339.5 50621.5 214880 35140.7 21158.6
threshold=4472.7895507812509 15317.837402343752 507.36138916015631 45.392999649047859 -97.524501800537095
decision_type=2 2 2 2 2
left_child=1 -1 -3 -2 -4
right_child=3 2 4 -5 -6
leaf_value=0.002005283519808825 17.247979957230235 -56.156382373401094 15.369955539703369 1.4140519674231367 -3.9867709539830685
leaf_weight=22027 49 21 20 123 48
leaf_count=22027 49 21 20 123 48
internal_value=0 -0.0460788 -11.9466 5.92488 1.70638
internal_weight=0 22116 89 172 68
internal_count=22288 22116 89 172 68
is_linear=0
shrinkage=0.5


Tree=61
num_leaves=6
num_cat=0
split_feature=10 20 2 10 2
split_gain=21695.7 150420 91745.4 12590.5 80240
threshold=15642.661132812502 24.250000000000004 0.0017149999621324243 13936.985839843752 0.00064450001809746038
decision_type=2 2 2 2 2
left_child=2 -2 3 -1 -5
right_child=1 -3 -4 4 -6
leaf_value=-0.36314534062838755 4.9517092122918083 -41.564684445659317 28.135600155797498 0.66627219543541627 -6.5629888468942505
leaf_weight=11675 63 24 29 10098 399
leaf_count=11675 63 24 29 10098 399
internal_value=0 -7.8804 0.0308813 -0.00587849 0.391482
internal_weight=0 87 22201 22172 10497
internal_count=22288 87 22201 22172 10497
is_linear=0
shrinkage=0.5


Tree=62
num_leaves=6
num_cat=0
split_feature=2 10 20 10 22
split_gain=57009.4 26980.5 28513.1 16086.8 13891.3
threshold=0.0017149999621324243 15317.837402343752 24.250000000000004 15642.661132812502 40.750000000000007
decision_type=2 2 2 2 2
left_child=1 -1 4 -4 -3
right_child=-2 2 3 -5 -6
leaf_value=-0.030489712127462196 -21.781615797678629 -2.8281598146571669 8.4334548054909213 24.462542202161707 5.799070005615552
leaf_weight=21998 30 86 49 23 102
leaf_count=21998 30 86 49 23 102
internal_value=0 0.0293579 5.09293 13.5539 1.85257
internal_weight=0 22258 260 72 188
internal_count=22288 22258 260 72 188
is_linear=0
shrinkage=0.5


Tree=63
num_leaves=6
num_cat=0
split_feature=10 13 13 13 16
split_gain=18184.3 112877 17156 110371 34242
threshold=15642.661132812502 45.396999359130866 45.326000213623054 45.33399963378907 26.349999427795414
decision_type=2 2 2 2 2
left_child=2 -2 4 -4 -1
right_child=1 -3 3 -5 -6
leaf_value=-0.16739110783122427 -40.178206348419188 2.6253514059666379 28.129941877565887 0.91551468645810252 6.9796321696915919
leaf_weight=20091 20 67 38 1903 169
leaf_count=20091 20 67 38 1903 169
internal_value=0 -7.21455 0.0282719 1.44831 -0.107774
internal_weight=0 87 22201 1941 20260
internal_count=22288 87 22201 1941 20260
is_linear=0
shrinkage=0.5


Tree=64
num_leaves=6
num_cat=0
split_feature=11 10 0 9 1
split_gain=10697.1 34765 244490 18883.3 14904.8
threshold=4423.2724609375009 15304.919433593752 16.500000000000004 13350.270996093752 507.36138916015631
decision_type=2 2 2 2 2
left_child=1 -1 -3 -2 -5
right_child=3 2 -4 4 -6
leaf_value=0.0053523815967363346 -11.555287194252013 -57.323517197654361 3.2173709575040839 15.739489431564625 3.0551832808919674
leaf_weight=21928 20 21 81 26 212
leaf_count=21928 20 21 81 26 212
internal_value=0 -0.0374861 -9.24693 3.20085 4.44086
internal_weight=0 22030 102 258 238
internal_count=22288 22030 102 258 238
is_linear=0
shrinkage=0.5


Tree=65
num_leaves=6
num_cat=0
split_feature=2 12 2 7 1
split_gain=12003.6 12818.8 27462 122960 21803
threshold=0.0017149999621324243 -0.4784999936819076 0.0016450000111944976 3464.6035156250005 9992.4541015625018
decision_type=2 2 2 2 2
left_child=1 2 4 -4 -1
right_child=-2 -3 3 -5 -6
leaf_value=0.071481267728651321 -9.9947820345560707 -2.3022078403745398 -8.4592174406974543 41.092953727358861 -10.70934367306689
leaf_weight=21577 30 582 31 21 47
leaf_count=21577 30 582 31 21 47
internal_value=0 0.0134713 0.0756472 11.5522 0.048049
internal_weight=0 22258 21676 52 21624
internal_count=22288 22258 21676 52 21624
is_linear=0
shrinkage=0.5


Tree=66
num_leaves=6
num_cat=0
split_feature=10 1 9 11 2
split_gain=9179.08 142183 143357 309075 97789.2
threshold=14367.737792968752 513.21768188476574 12670.971679687502 4323.2377929687509 0.0017149999621324243
decision_type=2 2 2 2 2
left_child=4 2 3 -2 -1
right_child=1 -3 -4 -5 -6
leaf_value=0.14146649920782861 -2.4445035014041636 -24.749823747947811 0.065885487867608616 -61.385998217264813 29.201858306753223
leaf_weight=16340 86 60 5743 30 29
leaf_count=16340 86 60 5743 30 29
internal_value=0 -0.533606 -0.285616 -17.688 0.192951
internal_weight=0 5919 5859 116 16369
internal_count=22288 5919 5859 116 16369
is_linear=0
shrinkage=0.5


Tree=67
num_leaves=6
num_cat=0
split_feature=2 10 20 19 13
split_gain=39316.3 22488 48055.8 17498.1 107799
threshold=0.0017149999621324243 15642.661132812502 24.150000572204593 27.050000190734867 45.236000061035163
decision_type=2 2 2 2 2
left_child=1 3 -3 -1 -5
right_child=-2 2 -4 4 -6
leaf_value=-0.081062179774446796 -18.088522879282632 29.564964264631271 1.5877075407541159 33.529755224784218 1.2018406031335271
leaf_weight=21571 30 20 66 27 574
leaf_count=21571 30 20 66 27 574
internal_value=0 0.0243802 8.09405 -0.0069201 2.65418
internal_weight=0 22258 86 22172 601
internal_count=22288 22258 86 22172 601
is_linear=0
shrinkage=0.5


Tree=68
num_leaves=6
num_cat=0
split_feature=10 14 2 21 15
split_gain=17118.5 96233.2 64789.3 13740.5 11222.8
threshold=15642.661132812502 25.007499694824222 0.0017149999621324243 30.44999980926514 26.94999980926514
decision_type=2 2 2 2 2
left_child=2 3 4 -2 -1
right_child=1 -3 -4 -5 -6
leaf_value=-0.081616757512150306 -1.0762200114818721 -26.792713093260925 23.645191126856311 15.340999193191529 1.6156317069250854
leaf_weight=21151 26 36 29 25 1021
leaf_count=21151 26 36 29 25 1021
internal_value=0 -6.99994 0.0274309 6.97144 -0.00346004
internal_weight=0 87 22201 51 22172
internal_count=22288 87 22201 51 22172
is_linear=0
shrinkage=0.5


Tree=69
num_leaves=6
num_cat=0
split_feature=2 10 14 9 9
split_gain=48190.8 18935.7 13324.1 7725.39 23341.1
threshold=0.0017149999621324243 15642.661132812502 25.005499839782718 13311.125488281252 13180.122070312502
decision_type=2 2 2 2 2
left_child=1 3 -3 4 -1
right_child=-2 2 -4 -5 -6
leaf_value=0.063107242929204097 -20.026224994659422 2.151032078564167 14.766478369322916 -0.74143351525311441 5.880663249684476
leaf_weight=18953 30 50 36 3045 174
leaf_count=18953 30 50 36 3045 174
internal_value=0 0.0269919 7.43192 -0.00173002 0.11603
internal_weight=0 22258 86 22172 19127
internal_count=22288 22258 86 22172 19127
is_linear=0
shrinkage=0.5


Tree=70
num_leaves=6
num_cat=0
split_feature=10 1 8 4 12
split_gain=17404.3 96207.4 13467.9 10021.3 13292
threshold=15642.661132812502 509.29859924316412 12492.766113281252 105875.00000000001 -0.45350000262260431
decision_type=2 2 2 2 2
left_child=3 -2 -3 4 -1
right_child=1 2 -4 -5 -6
leaf_value=0.017747629031087217 -37.490577828139067 12.164774818853898 -2.9304439200295342 -8.3077904141197596 6.4345466781545566
leaf_weight=22084 20 22 45 36 81
leaf_count=22084 20 22 45 36 81
internal_value=0 -7.05812 2.0262 0.027659 0.0411972
internal_weight=0 87 67 22201 22165
internal_count=22288 87 67 22201 22165
is_linear=0
shrinkage=0.5


Tree=71
num_leaves=6
num_cat=0
split_feature=2 7 2 7 2
split_gain=11955.9 7636.66 8847.42 30694.7 9843.96
threshold=0.0017149999621324243 3170.139038085938 0.0016349999932572248 3465.4455566406255 0.0016450000111944976
decision_type=2 2 2 2 2
left_child=1 -1 -3 4 -4
right_child=-2 2 3 -5 -6
leaf_value=-2.4000501420162186 -9.9749016761779785 0.024464935202044118 3.8109752569180815 19.167653189765083 -6.4404648211267261
leaf_weight=323 30 21805 67 27 36
leaf_count=323 30 21805 67 27 36
internal_value=0 0.0134445 0.048984 4.16158 0.227948
internal_weight=0 22258 21935 130 103
internal_count=22288 22258 21935 130 103
is_linear=0
shrinkage=0.5


Tree=72
num_leaves=6
num_cat=0
split_feature=11 10 13 2 9
split_gain=10951.6 49820 124663 79869.7 31920.1
threshold=4417.0876464843759 15297.010253906252 45.177000045776374 0.0017149999621324243 13082.233886718752
decision_type=2 2 2 2 2
left_child=1 3 -3 -1 -2
right_child=4 2 -4 -5 -6
leaf_value=-0.041075208683583241 13.630789614149503 0.30553720474243162 -45.600819301037561 26.216296113770582 0.83311194335420924
leaf_weight=21757 56 50 21 29 375
leaf_count=21757 56 50 21 29 375
internal_value=0 -0.0492172 -13.2724 -0.00612323 2.49592
internal_weight=0 21857 71 21786 431
internal_count=22288 21857 71 21786 431
is_linear=0
shrinkage=0.5


Tree=73
num_leaves=6
num_cat=0
split_feature=20 10 10 1 13
split_gain=7792.38 81582.8 14981.3 16358.5 16617.3
threshold=24.550000190734867 14083.713867187502 15642.661132812502 509.31498718261724 45.400499343872077
decision_type=2 2 2 2 2
left_child=2 -2 -1 -4 -5
right_child=1 -3 3 4 -6
leaf_value=0.026856868464421924 -0.4028685272514192 -25.170800744848592 16.307172479300664 11.731256396509707 -5.5599566589702256
leaf_weight=21503 664 35 29 24 33
leaf_count=21503 664 35 29 24 33
internal_value=0 -1.64304 0.0531976 6.6393 1.72055
internal_weight=0 699 21589 86 57
internal_count=22288 699 21589 86 57
is_linear=0
shrinkage=0.5


Tree=74
num_leaves=6
num_cat=0
split_feature=2 10 2 1 6
split_gain=32427.8 7211.63 46459.7 2.45861e+06 452790
threshold=0.0017149999621324243 13899.258300781252 0.00064450001809746038 1019.9187622070314 604981.06250000012
decision_type=2 2 2 2 2
left_child=1 -1 3 -3 -4
right_child=-2 2 4 -5 -6
leaf_value=-0.26425990249403863 -16.427657222747804 0.18333489077034193 -60.133420271031994 171.4333754039946 -0.2353152534520449
leaf_weight=11059 30 10706 34 21 438
leaf_count=11059 30 10706 34 21 438
internal_value=0 0.0221417 0.304963 0.518587 -4.55001
internal_weight=0 22258 11199 10727 472
internal_count=22288 22258 11199 10727 472
is_linear=0
shrinkage=0.5


Tree=75
num_leaves=6
num_cat=0
split_feature=17 7 1 14 11
split_gain=23779.9 86892.4 114248 69119.6 75520.7
threshold=27.750000000000004 3611.4814453125005 1014.8442993164064 25.007499694824222 4089.512084960938
decision_type=2 2 2 2 2
left_child=-1 3 -3 4 -2
right_child=1 2 -4 -5 -6
leaf_value=0.064568227079710105 11.679139228330719 -6.9913319434438437 -51.835475063323976 20.614546956334795 -8.4940900638360866
leaf_weight=21945 63 49 20 35 176
leaf_count=21945 63 49 20 35 176
internal_value=0 -4.13105 -19.9896 -0.137463 -3.17646
internal_weight=0 343 69 274 239
internal_count=22288 343 69 274 239
is_linear=0
shrinkage=0.5


Tree=76
num_leaves=6
num_cat=0
split_feature=10 0 2 0 10
split_gain=16572.9 72546.7 52775.9 12320.9 44034.7
threshold=15642.661132812502 7.5000000000000009 0.0017149999621324243 2.5000000000000004 11873.847167968752
decision_type=2 2 2 2 2
left_child=2 -2 3 4 -1
right_child=1 -3 -4 -5 -6
leaf_value=-8.2588722800264271 3.5872363019407842 -26.789443417390189 21.342946118321912 0.097669152445448146 -0.3010748829588043
leaf_weight=202 57 30 29 20723 1247
leaf_count=202 57 30 29 20723 1247
internal_value=0 -6.88748 0.0269903 -0.000890075 -1.41044
internal_weight=0 87 22201 22172 1449
internal_count=22288 87 22201 22172 1449
is_linear=0
shrinkage=0.5


Tree=77
num_leaves=6
num_cat=0
split_feature=2 10 24 24 20
split_gain=39433.1 14187.5 34468.5 9246.72 16013.8
threshold=0.0017149999621324243 15642.661132812502 -96.160999298095689 -95.994998931884751 23.849999427795414
decision_type=2 2 2 2 2
left_child=1 3 -3 -1 -5
right_child=-2 2 -4 4 -6
leaf_value=0.031431557197711284 -18.11537847518921 24.618046545982359 0.92375343270374066 -14.654024403404307 -1.6277155362189135
leaf_weight=21958 30 20 66 27 187
leaf_count=21958 30 20 66 27 187
internal_value=0 0.0244164 6.43405 -0.000445036 -3.27122
internal_weight=0 22258 86 22172 214
internal_count=22288 22258 86 22172 214
is_linear=0
shrinkage=0.5


Tree=78
num_leaves=6
num_cat=0
split_feature=2 20 6 11 17
split_gain=9858.28 6612.59 28892.5 122750 26564.2
threshold=0.0017149999621324243 23.94999980926514 587473.40625000012 4345.1889648437509 27.150000572204593
decision_type=2 2 2 2 2
left_child=1 2 3 -1 -4
right_child=-2 -3 4 -5 -6
leaf_value=41.810497626662254 -9.0576895395914718 0.1026925512452868 -0.22319729013364165 -7.0445395890209408 -4.6159621328754392
leaf_weight=20 30 20048 1724 36 430
leaf_count=20 30 20048 1724 36 430
internal_value=0 0.0122082 -0.80862 10.4037 -1.10012
internal_weight=0 22258 2210 56 2154
internal_count=22288 22258 2210 56 2154
is_linear=0
shrinkage=0.5


Tree=79
num_leaves=6
num_cat=0
split_feature=12 9 9 22 12
split_gain=8740.08 23039.8 18128.1 17911.7 116096
threshold=-0.49449999630451197 13517.969726562502 9903.4672851562518 41.45000076293946 -0.49250000715255732
decision_type=2 2 2 2 2
left_child=1 2 -1 -2 -5
right_child=3 -3 -4 4 -6
leaf_value=5.6849661635012545 0.05932344850634301 10.22958571601797 -0.14953737135591241 37.653688023487724 1.8960926734413375
leaf_weight=134 1083 54 20574 24 419
leaf_count=134 1083 54 20574 24 419
internal_value=0 -0.0848858 -0.111783 1.15491 3.8333
internal_weight=0 20762 20708 1526 443
internal_count=22288 20762 20708 1526 443
is_linear=0
shrinkage=0.5


Tree=80
num_leaves=6
num_cat=0
split_feature=10 13 2 1 21
split_gain=13003.8 73735.1 66972.8 13323.1 8562.88
threshold=15642.661132812502 45.396999359130866 0.0017149999621324243 509.31498718261724 30.050000190734867
decision_type=2 2 2 2 2
left_child=2 -2 4 -3 -1
right_child=1 3 -4 -5 -6
leaf_value=7.9212942333782417 -32.743121671676633 10.706000291384184 24.036346139578985 -3.7627893283781484 -0.019676445935076149
leaf_weight=34 20 26 29 41 22138
leaf_count=34 20 26 29 41 22138
internal_value=0 -6.10093 0.023908 1.85196 -0.00749924
internal_weight=0 87 22201 67 22172
internal_count=22288 87 22201 67 22172
is_linear=0
shrinkage=0.5


Tree=81
num_leaves=6
num_cat=0
split_feature=2 10 20 23 6
split_gain=30044.6 14417.5 30164.8 8821.31 5358.02
threshold=0.0017149999621324243 15642.661132812502 24.150000572204593 -95.964000701904283 582604.50000000012
decision_type=2 2 2 2 2
left_child=1 4 -3 -4 -1
right_child=-2 2 3 -5 -6
leaf_value=-0.64053915568376363 -15.812474203109741 23.49359708726406 10.094406604766846 -2.4836795666943425 0.091123665582054467
leaf_weight=2875 30 20 20 46 19297
leaf_count=2875 30 20 20 46 19297
internal_value=0 0.0213125 6.48268 1.32786 -0.00374963
internal_weight=0 22258 86 66 22172
internal_count=22288 22258 86 66 22172
is_linear=0
shrinkage=0.5


Tree=82
num_leaves=6
num_cat=0
split_feature=10 22 15 13 24
split_gain=13272.6 67327.1 14113.1 7376.15 49131.9
threshold=15642.661132812502 38.850000381469734 27.150000572204593 45.29899978637696 -96.11049652099608
decision_type=2 2 2 2 2
left_child=3 -2 -3 4 -1
right_child=1 2 -4 -5 -6
leaf_value=0.006026001159994584 -23.956514452442978 12.498901421470302 -3.6786093230430899 0.88341900003552309 -7.9095852448783743
leaf_weight=19758 33 28 26 2245 198
leaf_count=19758 33 28 26 2245 198
internal_value=0 -6.16367 4.70973 0.0241538 -0.0725113
internal_weight=0 87 54 22201 19956
internal_count=22288 87 54 22201 19956
is_linear=0
shrinkage=0.5


Tree=83
num_leaves=6
num_cat=0
split_feature=2 10 21 12 2
split_gain=7124.34 13314.7 13537.9 9985.38 5433.71
threshold=0.0017149999621324243 15642.661132812502 32.750000000000007 -0.48049999773502344 2.864999987650663e-05
decision_type=2 2 2 2 2
left_child=1 4 3 -3 -1
right_child=-2 2 -4 -5 -6
leaf_value=1.8507776993307441 -7.6999746640523279 0.81505463236854192 -4.8170636551720758 14.066798494620757 -0.046566753642555143
leaf_weight=384 30 21 21 44 21788
leaf_count=384 30 21 21 44 21788
internal_value=0 0.0103783 6.21973 9.78547 -0.0137064
internal_weight=0 22258 86 65 22172
internal_count=22288 22258 86 65 22172
is_linear=0
shrinkage=0.5


Tree=84
num_leaves=6
num_cat=0
split_feature=10 15 2 7 7
split_gain=13049.8 82687.3 64422.3 7388.12 21656.9
threshold=15642.661132812502 27.050000190734867 0.0017149999621324243 3699.9790039062505 3716.9890136718755
decision_type=2 2 2 2 2
left_child=2 -2 3 -1 -5
right_child=1 -3 -4 4 -6
leaf_value=0.029540177535389435 -34.324893534183502 2.3101430877820768 23.574726861098718 -9.1244360482555695 -0.010912213073326991
leaf_weight=21825 20 67 29 87 260
leaf_count=21825 20 67 29 87 260
internal_value=0 -6.1117 0.0239502 -0.00685318 -2.29586
internal_weight=0 87 22201 22172 347
internal_count=22288 87 22201 22172 347
is_linear=0
shrinkage=0.5


Tree=85
num_leaves=6
num_cat=0
split_feature=2 11 20 4 12
split_gain=25868.2 7486.27 17023.1 14128.9 16266.4
threshold=0.0017149999621324243 4418.6860351562509 23.94999980926514 1.0000000180025095e-35 -0.48450000584125513
decision_type=2 2 2 2 2
left_child=1 -1 3 -3 -5
right_child=-2 2 -4 4 -6
leaf_value=-0.016555214188113461 -14.672358353932699 -1.9230590718133109 0.49280986427157014 3.0037177855318244 20.780824640104846
leaf_weight=21914 30 21 270 22 31
leaf_count=21914 30 21 270 22 31
internal_value=0 0.0197758 2.33419 9.05274 13.4016
internal_weight=0 22258 344 74 53
internal_count=22288 22258 344 74 53
is_linear=0
shrinkage=0.5


Tree=86
num_leaves=6
num_cat=0
split_feature=10 21 2 7 2
split_gain=9865.03 74380.1 42385.4 8795.25 5505.49
threshold=15642.661132812502 32.350000381469734 0.0017149999621324243 3387.9370117187505 0.00065549998544156562
decision_type=2 2 2 2 2
left_child=2 3 4 -2 -1
right_child=1 -3 -4 -5 -6
leaf_value=-0.17998790054544275 0.72378586232662201 -21.915273379338416 19.123543969516096 14.124143409729005 0.34889756794273447
leaf_weight=14801 24 38 29 25 7371
leaf_count=14801 24 38 29 25 7371
internal_value=0 -5.31386 0.0208236 7.5607 -0.00416187
internal_weight=0 87 22201 49 22172
internal_count=22288 87 22201 49 22172
is_linear=0
shrinkage=0.5


Tree=87
num_leaves=6
num_cat=0
split_feature=1 11 21 22 11
split_gain=7283.54 121180 87101.7 140074 82841
threshold=1019.9187622070314 4315.9802246093759 32.45000076293946 41.649999618530281 4099.3999023437509
decision_type=2 2 2 2 2
left_child=-1 4 -3 -4 -2
right_child=1 2 3 -5 -6
leaf_value=0.16650409621925713 -0.40089126353308469 5.5417958157403131 -65.025143247842792 -10.238436285938535 21.889063880557107
leaf_weight=16641 5536 21 20 28 42
leaf_count=16641 5536 21 20 28 42
internal_value=0 -0.490667 -21.316 -33.0662 -0.233057
internal_weight=0 5647 69 48 5578
internal_count=22288 5647 69 48 5578
is_linear=0
shrinkage=0.5


Tree=88
num_leaves=6
num_cat=0
split_feature=3 12 19 23 10
split_gain=5643.91 18079.6 38153.8 56591.3 25227.4
threshold=-71374.999999999985 -0.48350000381469721 26.94999980926514 -95.922000885009751 14020.265625000002
decision_type=2 2 2 2 2
left_child=1 2 -1 4 -4
right_child=-2 -3 3 -5 -6
leaf_value=2.6132766574218467 -0.041163552593692608 10.939446546929949 -6.135790416970849 5.340960670821369 -29.061141675213971
leaf_weight=444 21707 47 20 40 30
leaf_count=444 21707 47 20 40 30
internal_value=0 1.53793 0.710455 -8.6768 -19.891
internal_weight=0 581 534 90 50
internal_count=22288 581 534 90 50
is_linear=0
shrinkage=0.5


Tree=89
num_leaves=6
num_cat=0
split_feature=2 10 8 12 6
split_gain=31834.3 9624.63 10560.2 8762.62 20528.4
threshold=0.0017149999621324243 15642.661132812502 12501.893066406252 -0.48049999773502344 739979.65625000012
decision_type=2 2 2 2 2
left_child=1 3 -3 -1 -5
right_child=-2 2 -4 4 -6
leaf_value=0.054241475115559212 -16.276639803250632 11.383573016295067 0.25410148881851358 -1.2202895683379578 -14.852351316090289
leaf_weight=21564 30 39 47 579 29
leaf_count=21564 30 39 47 579 29
internal_value=0 0.0219382 5.30119 0.00146118 -1.8705
internal_weight=0 22258 86 22172 608
internal_count=22288 22258 86 22172 608
is_linear=0
shrinkage=0.5


Tree=90
num_leaves=6
num_cat=0
split_feature=10 13 2 14 2
split_gain=12852.5 64378.3 36364 30569.2 5419.83
threshold=15642.661132812502 45.396999359130866 0.0016949999844655397 25.002500534057621 2.864999987650663e-05
decision_type=2 2 2 2 2
left_child=2 -2 4 -4 -1
right_child=1 -3 3 -5 -6
leaf_value=1.8576710317283869 -30.959789204597474 1.3658508382626433 26.981571031653363 0.25353479385375977 -0.037260427581344138
leaf_weight=384 20 67 23 20 21774
leaf_count=384 20 67 23 20 21774
internal_value=0 -6.06533 0.0237685 14.5499 -0.00442111
internal_weight=0 87 22201 43 22158
internal_count=22288 87 22201 43 22158
is_linear=0
shrinkage=0.5


Tree=91
num_leaves=6
num_cat=0
split_feature=2 8 2 11 7
split_gain=25009.8 5190.03 62644.6 133595 90026.4
threshold=0.0017149999621324243 13657.510253906252 0.00062950002029538165 4269.9011230468759 3613.2910156250005
decision_type=2 2 2 2 2
left_child=1 -1 3 -3 -4
right_child=-2 2 4 -5 -6
leaf_value=0.11714858400577804 -14.426875992616017 40.448071241378784 1.8508260404425008 -0.55012194463577035 -39.429563703536985
leaf_weight=19126 30 20 28 3059 25
leaf_count=19126 30 20 28 3059 25
internal_value=0 0.019445 -0.577196 -0.283813 -17.6211
internal_weight=0 22258 3132 3079 53
internal_count=22288 22258 3132 3079 53
is_linear=0
shrinkage=0.5


Tree=92
num_leaves=6
num_cat=0
split_feature=6 3 2 2 10
split_gain=8328.29 25320.5 8024.8 6285.7 10261.3
threshold=861744.00000000012 70375.000000000015 4.99500001751585e-05 0.0017149999621324243 15642.661132812502
decision_type=2 2 2 2 2
left_child=3 2 -2 4 -1
right_child=1 -3 -4 -5 -6
leaf_value=0.007693069165647692 -3.1466064166139671 -14.568655679100438 9.7178651934320275 -7.2134381453196204 5.4799495311670521
leaf_weight=22085 27 38 22 30 86
leaf_count=22085 27 38 22 30 86
internal_value=0 -4.88246 2.62928 0.0191331 0.0289196
internal_weight=0 87 49 22201 22171
internal_count=22288 87 49 22201 22171
is_linear=0
shrinkage=0.5


Tree=93
num_leaves=6
num_cat=0
split_feature=12 2 12 13 17
split_gain=5128.79 24807.9 18180.7 29407.9 95489.9
threshold=-0.49349999427795405 0.0017149999621324243 -0.4784999936819076 45.193000793457038 27.650000572204593
decision_type=2 2 2 2 2
left_child=-1 2 3 4 -2
right_child=1 -3 -4 -5 -6
leaf_value=-0.063874616270811757 -1.8854884161126046 15.641662563596453 -1.5455643575273685 1.2380157307432162 38.19349966878476
leaf_weight=20812 42 28 582 801 23
leaf_count=20812 42 28 582 801 23
internal_value=0 0.90065 0.615602 2.06803 12.2963
internal_weight=0 1476 1448 866 65
internal_count=22288 1476 1448 866 65
is_linear=0
shrinkage=0.5


Tree=94
num_leaves=6
num_cat=0
split_feature=2 2 2 1 2
split_gain=14287 4402.38 85410 142426 112520
threshold=0.0017149999621324243 0.00065549998544156562 0.00064450001809746038 4920.4724121093759 0.00062950002029538165
decision_type=2 2 2 2 2
left_child=1 2 4 -4 -1
right_child=-2 -3 3 -5 -6
leaf_value=-0.11615308817916239 -10.904031487305959 0.33071418789450019 7.5701811833815142 -24.936172274679972 20.732939113561923
leaf_weight=14680 30 7371 55 87 65
leaf_count=14680 30 7371 55 87 65
internal_value=0 0.0146968 -0.141773 -12.3457 -0.0242446
internal_weight=0 22258 14887 142 14745
internal_count=22288 22258 14887 142 14745
is_linear=0
shrinkage=0.5


Tree=95
num_leaves=6
num_cat=0
split_feature=10 20 20 15 1
split_gain=10607.6 55882.5 23538.6 6480.77 29340.9
threshold=15642.661132812502 24.250000000000004 24.150000572204593 26.94999980926514 9982.8862304687518
decision_type=2 2 2 2 2
left_child=3 2 -2 -1 -5
right_child=1 -3 -4 4 -6
leaf_value=-0.037719450677776704 16.482445561885832 -26.041359235843021 -4.2801394434862354 2.2937962904597686 -5.6441029678307366
leaf_weight=21180 20 24 43 887 134
leaf_count=21180 20 24 43 887 134
internal_value=0 -5.51023 2.31116 0.0215932 1.252
internal_weight=0 87 63 22201 1021
internal_count=22288 87 63 22201 1021
is_linear=0
shrinkage=0.5


Tree=96
num_leaves=6
num_cat=0
split_feature=9 11 2 17 10
split_gain=6717.36 90054.5 44489.8 18552 12092.3
threshold=12623.076171875002 4323.2377929687509 0.0017149999621324243 27.750000000000004 13905.586914062502
decision_type=2 2 2 2 2
left_child=1 2 3 4 -1
right_child=-2 -3 -4 -5 -6
leaf_value=-0.71523133159768815 0.25637150211036164 -28.611565717629023 19.339216495382374 -13.125020739223276 0.37687167974111641
leaf_weight=5792 11904 28 29 28 4507
leaf_count=5792 11904 28 29 28 4507
internal_value=0 -0.293899 -0.217335 -0.272253 -0.23731
internal_weight=0 10384 10356 10327 10299
internal_count=22288 10384 10356 10327 10299
is_linear=0
shrinkage=0.5


Tree=97
num_leaves=6
num_cat=0
split_feature=21 4 10 6 9
split_gain=6964.54 6506.57 150502 38745.7 19487
threshold=30.050000190734867 19125.000000000004 11698.003906250002 587473.40625000012 12963.299316406252
decision_type=2 2 2 2 2
left_child=-1 -2 -3 -4 -5
right_child=1 2 3 4 -6
leaf_value=7.1506472896127136 0.036007826120241691 -43.208432129451204 15.517409643611392 0.915848952026171 -5.1178010243776386
leaf_weight=34 21603 21 37 389 204
leaf_count=34 21603 21 37 389 204
internal_value=0 -0.0109249 -1.56835 -0.180352 -1.15981
internal_weight=0 22254 651 630 593
internal_count=22288 22254 651 630 593
is_linear=0
shrinkage=0.5


Tree=98
num_leaves=6
num_cat=0
split_feature=2 10 20 8 2
split_gain=18615.5 10427.9 18756.7 13005.2 5680.23
threshold=0.0017149999621324243 15642.661132812502 24.250000000000004 12501.893066406252 0.00065549998544156562
decision_type=2 2 2 2 2
left_child=1 4 3 -3 -1
right_child=-2 2 -4 -5 -6
leaf_value=-0.18313278503455555 -12.446712223688762 8.5847834020853035 17.73286971449852 -5.7992447903662017 0.35408022885938334
leaf_weight=14801 30 30 23 33 7371
leaf_count=14801 30 30 23 33 7371
internal_value=0 0.0167761 5.51191 1.05029 -0.00453829
internal_weight=0 22258 86 63 22172
internal_count=22288 22258 86 63 22172
is_linear=0
shrinkage=0.5


Tree=99
num_leaves=6
num_cat=0
split_feature=10 12 2 20 6
split_gain=9484.71 45045.5 34947.1 7220.61 6789.68
threshold=15642.661132812502 -0.48049999773502344 0.0017149999621324243 24.250000000000004 582604.50000000012
decision_type=2 2 2 2 2
left_child=2 -2 4 -3 -1
right_child=1 3 -4 -5 -6
leaf_value=-0.7191026120257118 -21.30024393673601 -1.2128210828492516 17.366149187088013 10.524372085742652 0.1045296455398005
leaf_weight=2875 29 38 29 20 19297
leaf_count=2875 29 38 29 20 19297
internal_value=0 -5.21042 0.0204183 2.83449 -0.00226914
internal_weight=0 87 22201 58 22172
internal_count=22288 87 22201 58 22172
is_linear=0
shrinkage=0.5


end of trees

feature_importances:
Column_2=100
Column_10=71
Column_1=49
Column_11=33
Column_9=25
Column_13=25
Column_12=24
Column_20=24
Column_6=22
Column_7=21
Column_8=12
Column_15=11
Column_21=11
Column_24=11
Column_4=8
Column_23=8
Column_0=7
Column_3=7
Column_22=7
Column_17=5
Column_19=5
Column_5=4
Column_14=4
Column_16=4
Column_18=2

parameters:
[boosting: gbdt]
[objective: regression]
[metric: l1]
[tree_learner: serial]
[device_type: cpu]
[data: ]
[valid: ]
[num_iterations: 100]
[learning_rate: 0.5]
[num_leaves: 6]
[num_threads: 0]
[deterministic: 0]
[force_col_wise: 0]
[force_row_wise: 0]
[histogram_pool_size: -1]
[max_depth: 6]
[min_data_in_leaf: 20]
[min_sum_hessian_in_leaf: 0.001]
[bagging_fraction: 0.7]
[pos_bagging_fraction: 1]
[neg_bagging_fraction: 1]
[bagging_freq: 0]
[bagging_seed: 400]
[feature_fraction: 0.7]
[feature_fraction_bynode: 1]
[feature_fraction_seed: 30056]
[extra_trees: 0]
[extra_seed: 12879]
[early_stopping_round: 0]
[first_metric_only: 0]
[max_delta_step: 0]
[lambda_l1: 0]
[lambda_l2: 0]
[linear_lambda: 0]
[min_gain_to_split: 0]
[drop_rate: 0.8]
[max_drop: 50]
[skip_drop: 0.8]
[xgboost_dart_mode: 0]
[uniform_drop: 0]
[drop_seed: 17869]
[top_rate: 0.2]
[other_rate: 0.1]
[min_data_per_group: 100]
[max_cat_threshold: 32]
[cat_l2: 10]
[cat_smooth: 10]
[max_cat_to_onehot: 4]
[top_k: 20]
[monotone_constraints: ]
[monotone_constraints_method: basic]
[monotone_penalty: 0]
[feature_contri: ]
[forcedsplits_filename: ]
[refit_decay_rate: 0.9]
[cegb_tradeoff: 1]
[cegb_penalty_split: 0]
[cegb_penalty_feature_lazy: ]
[cegb_penalty_feature_coupled: ]
[path_smooth: 0]
[interaction_constraints: ]
[verbosity: 1]
[saved_feature_importance_type: 0]
[linear_tree: 0]
[max_bin: 255]
[max_bin_by_feature: ]
[min_data_in_bin: 3]
[bin_construct_sample_cnt: 200000]
[data_random_seed: 175]
[is_enable_sparse: 1]
[enable_bundle: 1]
[use_missing: 1]
[zero_as_missing: 0]
[feature_pre_filter: 1]
[pre_partition: 0]
[two_round: 0]
[header: 0]
[label_column: ]
[weight_column: ]
[group_column: ]
[ignore_column: ]
[categorical_feature: ]
[forcedbins_filename: ]
[precise_float_parser: 0]
[objective_seed: 16083]
[num_class: 1]
[is_unbalance: 0]
[scale_pos_weight: 1]
[sigmoid: 1]
[boost_from_average: 1]
[reg_sqrt: 0]
[alpha: 0.9]
[fair_c: 1]
[poisson_max_delta_step: 0.7]
[tweedie_variance_power: 1.5]
[lambdarank_truncation_level: 30]
[lambdarank_norm: 1]
[label_gain: ]
[eval_at: ]
[multi_error_top_k: 1]
[auc_mu_weights: ]
[num_machines: 1]
[local_listen_port: 12400]
[time_out: 120]
[machine_list_filename: ]
[machines: ]
[gpu_platform_id: -1]
[gpu_device_id: -1]
[gpu_use_dp: 0]
[num_gpu: 1]

end of parameters

pandas_categorical:null
