# n  pdf_poisson (mean = 1.5, 3.0, 4.5, 6.0, 7.5)
  0  2.231302e-01  4.978707e-02  1.110900e-02  2.478752e-03  5.530844e-04
  1  3.346952e-01  1.493612e-01  4.999048e-02  1.487251e-02  4.148133e-03
  2  2.510214e-01  2.240418e-01  1.124786e-01  4.461754e-02  1.555550e-02
  3  1.255107e-01  2.240418e-01  1.687179e-01  8.923508e-02  3.888874e-02
  4  4.706652e-02  1.680314e-01  1.898076e-01  1.338526e-01  7.291640e-02
  5  1.411996e-02  1.008188e-01  1.708269e-01  1.606231e-01  1.093746e-01
  6  3.529989e-03  5.040941e-02  1.281201e-01  1.606231e-01  1.367182e-01
  7  7.564262e-04  2.160403e-02  8.236295e-02  1.376770e-01  1.464838e-01
  8  1.418299e-04  8.101512e-03  4.632916e-02  1.032577e-01  1.373286e-01
  9  2.363832e-05  2.700504e-03  2.316458e-02  6.883849e-02  1.144405e-01
  10  3.545748e-06  8.101512e-04  1.042406e-02  4.130309e-02  8.583037e-02
