tree
version=v3
num_class=1
num_tree_per_iteration=1
label_index=0
max_feature_idx=22
objective=regression
feature_names=Column_0 Column_1 Column_2 Column_3 Column_4 Column_5 Column_6 Column_7 Column_8 Column_9 Column_10 Column_11 Column_12 Column_13 Column_14 Column_15 Column_16 Column_17 Column_18 Column_19 Column_20 Column_21 Column_22
feature_infos=[2.0600000425474718e-05:0.071199998259544373] [-110250:110250] [-110250:110250] [-1514:-1500] [27413.599609375:891620.6875] [962.21502685546875:3783.802978515625] [1046.031005859375:14591.265625] [1102.8590087890625:13930.2470703125] [1456.342041015625:15729.41796875] [1098.2850341796875:4498.72705078125] [-0.67000001668930054:0.27399998903274536] [44.854999542236328:45.7239990234375] [24.972999572753906:25.024999618530273] [26.200000762939453:27.299999237060547] [25.799999237060547:26.600000381469727] [26.899999618530273:27.899999618530273] [25.399999618530273:26.100000381469727] [26.399999618530273:27.200000762939453] [23.700000762939453:24.700000762939453] [30:35.299999237060547] [36.900001525878906:43.599998474121094] [-97.952003479003906:-95.740997314453125] [-98.0989990234375:-95.910003662109375]
tree_sizes=670 682 681 683 676 683 683 674 664 664 652 652 644 655 644 650 649 635 637 655 647 646 628 652 648 643 634 644 649 658 634 634 628 650 652 644 633 654 653 638 658 628 638 658 639 657 644 634 649 634 649 669 647 628 637 635 640 639 648 655 646 636 639 642 636 649 656 642 635 638 653 644 647 647 655 652 636 653 659 646 642 639 640 645 638 636 637 634 648 639 648 655 648 644 636 645 647 649 651 654

Tree=0
num_leaves=6
num_cat=0
split_feature=9 5 10 4 9
split_gain=1.14288e+11 9.76756e+10 3.51885e+10 1.50855e+09 3.19363e+08
threshold=4101.2534179687509 3396.0305175781255 -0.54850000143051136 630166.50000000012 4316.0046386718759
decision_type=2 2 2 2 2
left_child=1 -1 -3 4 -2
right_child=3 2 -4 -5 -6
leaf_value=1055.1834837732486 3507.5852270663909 6038.6527001884097 3512.6692457388172 1156.613623076641 1550.4369704469113
leaf_weight=2584 21 2768 2747 11366 2802
leaf_count=2584 21 2768 2747 11366 2802
internal_value=2093.28 3591.91 4780.47 1237.86 1565
internal_weight=0 8099 5515 14189 2823
internal_count=22288 8099 5515 14189 2823
is_linear=0
shrinkage=1


Tree=1
num_leaves=6
num_cat=0
split_feature=0 4 0 3 9
split_gain=4.25251e+10 6.36779e+09 6.30197e+09 6.50841e+09 6.08562e+08
threshold=0.0014950000331737103 594140.00000000012 0.00064250000286847364 -1506.9999999999998 4327.6933593750009
decision_type=2 2 2 2 2
left_child=2 -2 4 -4 -1
right_child=1 -3 3 -5 -6
leaf_value=-513.56076724292348 -520.04295468161297 1975.0240386429055 -519.11458489288441 718.31601947406386 -305.89228131550624
leaf_weight=8936 282 2744 1722 2775 5829
leaf_count=8936 282 2744 1722 2775 5829
internal_value=0 1742.5 -273.742 244.477 -431.576
internal_weight=0 3026 19262 4497 14765
internal_count=22288 3026 19262 4497 14765
is_linear=0
shrinkage=0.5


Tree=2
num_leaves=6
num_cat=0
split_feature=0 5 0 3 7
split_gain=1.06808e+10 1.84514e+09 1.52598e+09 1.57885e+09 2.22766e+08
threshold=0.0014450000016950073 3430.5424804687505 0.00062850001268088828 -1506.9999999999998 12862.885742187502
decision_type=2 2 2 2 2
left_child=2 -2 4 -4 -1
right_child=1 -3 3 -5 -6
leaf_value=-290.00752616037943 -260.0928638737376 994.03180206970637 -259.58847927950319 350.1968724173189 -165.11220973636446
leaf_weight=6108 328 2771 1723 2765 8593
leaf_count=6108 328 2771 1723 2765 8593
internal_value=0 861.295 -139.098 116.093 -217.004
internal_weight=0 3099 19189 4488 14701
internal_count=22288 3099 19189 4488 14701
is_linear=0
shrinkage=0.5


Tree=3
num_leaves=6
num_cat=0
split_feature=0 6 0 3 0
split_gain=2.6702e+09 4.61286e+08 3.81494e+08 3.94713e+08 7.8451e+07
threshold=0.0014450000016950073 12651.095703125002 0.00062850001268088828 -1506.9999999999998 6.1250000726431622e-05
decision_type=2 2 2 2 2
left_child=2 -2 4 -4 -1
right_child=1 -3 3 -5 -6
leaf_value=-138.23874856832137 -130.04643242533615 497.0159027418992 -129.79424000284524 175.09845317819881 -63.638023388182347
leaf_weight=8841 328 2771 1723 2765 5860
leaf_count=8841 328 2771 1723 2765 5860
internal_value=0 430.647 -69.549 58.0463 -108.502
internal_weight=0 3099 19189 4488 14701
internal_count=22288 3099 19189 4488 14701
is_linear=0
shrinkage=0.5


Tree=4
num_leaves=6
num_cat=0
split_feature=0 4 0 4 0
split_gain=6.6755e+08 1.15321e+08 1.10268e+08 8.43179e+07 4.78842e+07
threshold=0.0014450000016950073 594140.00000000012 7.765000191284345e-05 609782.90625000012 0.0014950000331737103
decision_type=2 2 2 2 2
left_child=2 -2 -1 -4 -3
right_child=1 4 3 -5 -6
leaf_value=-66.297559790790771 -65.023216125441763 911.11769838686348 -28.382504389946433 79.368778666570819 241.9881043781692
leaf_weight=11343 328 27 4993 2853 2744
leaf_count=11343 328 27 4993 2853 2744
internal_value=0 215.324 -34.7745 10.7985 248.508
internal_weight=0 3099 19189 7846 2771
internal_count=22288 3099 19189 7846 2771
is_linear=0
shrinkage=0.5


Tree=5
num_leaves=6
num_cat=0
split_feature=0 7 0 5 0
split_gain=1.66887e+08 4.92216e+07 3.97578e+07 2.88304e+07 1.59359e+07
threshold=0.0014450000016950073 12229.983886718752 0.00022349999926518652 3430.5424804687505 3.2849999115569524e-05
decision_type=2 2 2 2 2
left_child=1 -1 4 -2 -3
right_child=3 2 -4 -5 -6
leaf_value=-60.845497623870244 -32.51160787373054 -95.16893581254142 31.943631643307253 124.25397979064523 -16.634225141369289
leaf_weight=4864 328 700 5261 2771 8364
leaf_count=4864 328 700 5261 2771 8364
internal_value=0 -17.3873 -2.63117 107.662 -22.6994
internal_weight=0 19189 14325 3099 9064
internal_count=22288 19189 14325 3099 9064
is_linear=0
shrinkage=0.5


Tree=6
num_leaves=6
num_cat=0
split_feature=0 7 0 3 0
split_gain=4.17219e+07 1.23054e+07 1.66039e+07 7.22288e+06 1.19724e+07
threshold=0.0014450000016950073 12229.983886718752 0.00026850000722333794 -1506.9999999999998 0.0014950000331737103
decision_type=2 2 2 2 2
left_child=1 -1 -3 -2 -5
right_child=3 2 -4 4 -6
leaf_value=-30.422749073489715 -16.570378095825756 -9.7321243352098055 33.113271951008201 393.43188250506364 58.849699062408533
leaf_weight=4864 326 11511 2814 27 2746
leaf_count=4864 326 11511 2814 27 2746
internal_value=0 -8.69363 -1.31558 53.8309 62.1074
internal_weight=0 19189 14325 3099 2773
internal_count=22288 19189 14325 3099 2773
is_linear=0
shrinkage=0.5


Tree=7
num_leaves=6
num_cat=0
split_feature=0 15 11 6 0
split_gain=1.22213e+07 6.74173e+06 8.05973e+06 4.06962e+06 3.6881e+06
threshold=0.00062850001268088828 27.650000572204593 45.193000793457038 12651.095703125002 3.4349999623373158e-05
decision_type=2 2 2 2 2
left_child=4 3 -3 -2 -1
right_child=1 2 -4 -5 -6
leaf_value=-42.004710259055599 -5.6246456143217864 314.95230015345982 59.883758013133225 20.652926129120935 -6.5441492878972154
leaf_weight=774 2051 35 269 5232 13927
leaf_count=774 2051 35 269 5232 13927
internal_value=0 16.2979 89.2502 13.2528 -8.41113
internal_weight=0 7587 304 7283 14701
internal_count=22288 7587 304 7283 14701
is_linear=0
shrinkage=0.5


Tree=8
num_leaves=6
num_cat=0
split_feature=6 16 9 9 7
split_gain=4.20089e+06 4.93674e+06 6.04033e+06 2.74036e+06 1.69533e+06
threshold=12743.890625000002 25.849999427795414 4327.6933593750009 3968.253540039063 13097.314941406252
decision_type=2 2 2 2 2
left_child=4 3 -3 -2 -1
right_child=1 2 -4 -5 -6
leaf_value=-10.464424350000261 20.207793740294804 -37.77444177329258 -288.9432322184245 2.8299212938210703 31.6132417285008
leaf_weight=7761 2845 211 27 11197 247
leaf_count=7761 2845 211 27 11197 247
internal_value=0 5.14047 -66.2684 6.35079 -9.16657
internal_weight=0 14280 238 14042 8008
internal_count=22288 14280 238 14042 8008
is_linear=0
shrinkage=0.5


Tree=9
num_leaves=6
num_cat=0
split_feature=7 16 6 15 4
split_gain=1.38711e+06 2.98943e+06 1.37023e+06 668191 1.43611e+06
threshold=12617.613769531252 25.849999427795414 14429.828613281252 27.750000000000004 603841.90625000012
decision_type=2 2 2 2 2
left_child=-1 2 3 -2 -5
right_child=1 -3 -4 4 -6
leaf_value=-4.2558300780068521 4.1590207355887028 -132.80517597198485 -40.062298658955307 72.845830512898303 0.88556186183468322
leaf_weight=10299 11482 40 173 112 182
leaf_count=10299 11482 40 173 112 182
internal_value=0 3.65592 4.11273 4.7617 28.299
internal_weight=0 11989 11949 11776 294
internal_count=22288 11989 11949 11776 294
is_linear=0
shrinkage=0.5


Tree=10
num_leaves=6
num_cat=0
split_feature=5 17 5 1 8
split_gain=1.76514e+06 1.56939e+06 864930 2.80636e+06 755930
threshold=3701.586547851563 26.94999980926514 3609.8764648437505 1.0000000180025095e-35 13701.365234375002
decision_type=2 2 2 2 2
left_child=1 4 -3 -4 -1
right_child=-2 2 3 -5 -6
leaf_value=2.840865448089684 -35.43430610061381 15.437462253318934 3.130464287331471 204.31780508848337 -3.1867221615973951
leaf_weight=9728 346 957 52 26 11179
leaf_count=9728 346 957 52 26 11179
internal_value=0 0.558758 19.564 70.1929 -0.382093
internal_weight=0 21942 1035 78 20907
internal_count=22288 21942 1035 78 20907
is_linear=0
shrinkage=0.5


Tree=11
num_leaves=6
num_cat=0
split_feature=0 0 17 6 19
split_gain=681152 3.35283e+06 7.60404e+06 764017 762833
threshold=0.00062850001268088828 0.00064250000286847364 26.750000000000004 12939.278320312502 30.750000000000004
decision_type=2 2 2 2 2
left_child=3 2 -2 -1 -3
right_child=1 4 -4 -5 -6
leaf_value=-6.287518072410764 1.6100840026682073 39.308810338906362 373.43708443045614 1.0345531191180408 2.1823282913096649
leaf_weight=6064 44 141 20 8637 7382
leaf_count=6064 44 141 20 8637 7382
internal_value=0 3.84764 117.806 -1.98572 2.87817
internal_weight=0 7587 64 14701 7523
internal_count=22288 7587 64 14701 7523
is_linear=0
shrinkage=0.5


Tree=12
num_leaves=6
num_cat=0
split_feature=5 4 0 1 0
split_gain=502206 712136 266830 817337 1.13168e+06
threshold=3670.932006835938 690563.81250000012 0.00083650002488866459 70375.000000000015 0.0015049999929033222
decision_type=2 2 2 2 2
left_child=2 -2 -1 -4 -5
right_child=1 -3 3 4 -6
leaf_value=-0.52043388916647859 -74.2890773365895 -9.7021693378299858 2.8051428470816697 107.39979305267335 1.7348923408265771
leaf_weight=17636 48 385 4116 45 58
leaf_count=17636 48 385 4116 45 58
internal_value=0 -16.8619 0.334075 3.90604 47.8992
internal_weight=0 433 21855 4219 103
internal_count=22288 433 21855 4219 103
is_linear=0
shrinkage=0.5


Tree=13
num_leaves=6
num_cat=0
split_feature=6 5 9 6 8
split_gain=322725 662800 240146 145377 856110
threshold=13843.464355468752 3717.911499023438 4404.0651855468759 12743.890625000002 14514.704101562502
decision_type=2 2 2 2 2
left_child=1 2 3 -1 -5
right_child=-2 -3 -4 4 -6
leaf_value=-2.9366213061815256 5.1278921066499175 -58.199795265197757 5.3837559564834665 0.29658950281414087 -65.936687839274498
leaf_weight=6627 2697 50 1564 11301 49
leaf_count=6627 2697 50 1564 11301 49
internal_value=0 -0.705933 -0.558822 -1.07583 0.0106485
internal_weight=0 19591 19541 17977 11350
internal_count=22288 19591 19541 17977 11350
is_linear=0
shrinkage=0.5


Tree=14
num_leaves=6
num_cat=0
split_feature=7 6 6 0 0
split_gain=225997 369682 2.19365e+06 415690 498835
threshold=13078.818847656252 13329.270019531252 13305.810058593752 0.0014950000331737103 0.0014450000016950073
decision_type=2 2 2 2 2
left_child=-1 2 -2 4 -3
right_child=1 3 -4 -5 -6
leaf_value=-0.7149459723408409 7.4940418235916457 2.5311449972685574 150.41275399306724 -23.186985088300101 73.437736968994145
leaf_weight=18548 362 3166 29 158 25
leaf_count=18548 362 3166 29 158 25
internal_value=0 3.54567 18.0942 1.84712 3.08667
internal_weight=0 3740 391 3349 3191
internal_count=22288 3740 391 3349 3191
is_linear=0
shrinkage=0.5


Tree=15
num_leaves=6
num_cat=0
split_feature=7 8 8 16 6
split_gain=104898 406456 173985 105626 111670
threshold=12470.711425781252 11651.952636718752 10010.232421875002 25.849999427795414 12743.890625000002
decision_type=2 2 2 2 2
left_child=2 -2 -1 4 -4
right_child=1 -3 3 -5 -6
leaf_value=2.4398053834672115 42.880169818275853 0.57898890780869916 -4.2771975059187817 -8.9533272015606915 0.85291982322338633
leaf_weight=1936 57 15190 2670 675 1760
leaf_count=1936 57 15190 2670 675 1760
internal_value=0 0.737129 -1.59622 -3.12683 -2.23905
internal_weight=0 15247 7041 5105 4430
internal_count=22288 15247 7041 5105 4430
is_linear=0
shrinkage=0.5


Tree=16
num_leaves=6
num_cat=0
split_feature=5 6 17 9 0
split_gain=90833.7 164701 65848.6 1.20455e+06 191205
threshold=3717.911499023438 14429.828613281252 27.050000190734867 3908.6484375000005 0.00064250000286847364
decision_type=2 2 2 2 2
left_child=2 -2 -1 -4 -5
right_child=1 -3 3 4 -6
leaf_value=-0.032704470996469837 -27.192127493924872 -0.41919668561461343 102.93048346837362 5.8846440342408188 -14.837590764799426
leaf_weight=21449 86 173 30 395 155
leaf_count=21449 86 173 30 395 155
internal_value=0 -9.30905 0.109449 5.36642 0.0447415
internal_weight=0 259 22029 580 550
internal_count=22288 259 22029 580 550
is_linear=0
shrinkage=0.5


Tree=17
num_leaves=6
num_cat=0
split_feature=15 0 9 11 17
split_gain=81292.6 596232 1.76792e+06 454422 171821
threshold=27.750000000000004 0.00064250000286847364 4309.7395019531259 45.219999313354499 27.050000190734867
decision_type=2 2 2 2 2
left_child=-1 2 -2 -3 -5
right_child=1 3 -4 4 -6
leaf_value=0.1186731630184636 148.4565575413406 -106.93844577074051 -6.9611197834791136 -42.189033230956717 3.6795494897024974
leaf_weight=21949 20 20 215 49 35
leaf_count=21949 20 20 215 49 35
internal_value=0 -7.68365 6.26592 -39.2043 -23.0771
internal_weight=0 339 235 104 84
internal_count=22288 339 235 104 84
is_linear=0
shrinkage=0.5


Tree=18
num_leaves=6
num_cat=0
split_feature=0 14 19 7 5
split_gain=56839.4 275469 2.07693e+06 218327 260537
threshold=0.0008425000123679639 26.44999980926514 30.750000000000004 13088.699707031252 3571.213989257813
decision_type=2 2 2 2 2
left_child=-1 3 -3 -2 -5
right_child=1 2 -4 4 -6
leaf_value=-0.38300825427298391 1.7855376136182686 156.4575078383736 -25.091115930080413 -68.594123786145985 -8.9433601230656343
leaf_weight=18119 3965 23 50 22 109
leaf_count=18119 3965 23 50 22 109
internal_value=0 1.6646 32.1091 1.12201 -18.961
internal_weight=0 4169 73 4096 131
internal_count=22288 4169 73 4096 131
is_linear=0
shrinkage=0.5


Tree=19
num_leaves=6
num_cat=0
split_feature=13 7 10 10 11
split_gain=65678.1 56418.5 300393 1.73344e+06 1.75954e+06
threshold=27.250000000000004 12942.237792968752 -0.54850000143051136 -0.53849998116493214 45.114999771118171
decision_type=2 2 2 2 2
left_child=1 -1 -3 4 -4
right_child=-2 2 3 -5 -6
leaf_value=-0.59528160691932031 -27.305784837766126 -16.280018065569333 0.52321135997772217 1.049405702593746 210.25779485702515
leaf_weight=13819 22 243 20 8164 20
leaf_count=13819 22 243 20 8164 20
internal_value=0 0.0269796 1.04498 1.55814 105.391
internal_weight=0 22266 8447 8204 40
internal_count=22288 22266 8447 8204 40
is_linear=0
shrinkage=0.5


Tree=20
num_leaves=6
num_cat=0
split_feature=0 2 21 8 0
split_gain=65685.9 227734 616641 183330 113054
threshold=0.00067049998324364435 -19124.999999999996 -95.944999694824205 13397.357910156252 0.00064250000286847364
decision_type=2 2 2 2 2
left_child=4 2 3 -2 -1
right_child=1 -3 -4 -5 -6
leaf_value=-0.39422148312519173 50.596351385116577 0.86051644059761345 102.73893406391144 -2.3270063334041171 -9.9969698497281669
leaf_weight=14765 20 7080 20 90 313
leaf_count=14765 20 7080 20 90 313
internal_value=0 1.24129 21.979 7.29542 -0.593562
internal_weight=0 7210 130 110 15078
internal_count=22288 7210 130 110 15078
is_linear=0
shrinkage=0.5


Tree=21
num_leaves=6
num_cat=0
split_feature=7 10 0 5 17
split_gain=47994.7 145032 2.6384e+06 331148 129933
threshold=13066.316406250002 -0.54850000143051136 0.00025749999622348701 3565.0729980468755 27.050000190734867
decision_type=2 2 2 2 2
left_child=-1 3 -3 -2 -5
right_child=1 2 -4 4 -6
leaf_value=-0.34319748173219927 -59.643297211329141 1.3419596008845041 183.42906357347965 6.4920376234054569 -20.172934830188751
leaf_weight=18287 30 3754 20 125 72
leaf_count=18287 30 3754 20 125 72
internal_value=0 1.56862 2.30692 -10.7059 -3.25354
internal_weight=0 4001 3774 227 197
internal_count=22288 4001 3774 227 197
is_linear=0
shrinkage=0.5


Tree=22
num_leaves=6
num_cat=0
split_feature=1 4 8 13 8
split_gain=95315.3 346315 490130 212540 147660
threshold=-19124.999999999996 630166.50000000012 14105.914062500002 26.849999427795414 11726.382324218752
decision_type=2 2 2 2 2
left_child=1 2 3 4 -1
right_child=-2 -3 -4 -5 -6
leaf_value=-17.84066122931403 0.17977782530652217 0.38424553990037558 -97.770252772739951 3.0252843473998592 -68.857403989719302
leaf_weight=37 21634 502 21 71 23
leaf_count=37 21634 502 21 71 23
internal_value=0 -5.94696 -26.8566 -15.4888 -37.3971
internal_weight=0 654 152 131 60
internal_count=22288 654 152 131 60
is_linear=0
shrinkage=0.5


Tree=23
num_leaves=6
num_cat=0
split_feature=18 13 9 1 4
split_gain=52536.8 115226 351313 61129.8 113268
threshold=24.150000572204593 27.050000190734867 3908.6484375000005 1.0000000180025095e-35 700309.25000000012
decision_type=2 2 2 2 2
left_child=1 -1 -3 -2 -5
right_child=3 2 -4 4 -6
leaf_value=0.69196213037689747 -0.30194135060907318 68.635668776035303 4.2540560589848662 -12.604909861771828 -1.1962783607116541
leaf_weight=8787 12199 25 139 293 845
leaf_count=8787 12199 25 139 293 845
internal_value=0 0.937044 14.0683 -0.628888 -4.13365
internal_weight=0 8951 164 13337 1138
internal_count=22288 8951 164 13337 1138
is_linear=0
shrinkage=0.5


Tree=24
num_leaves=6
num_cat=0
split_feature=9 9 4 8 9
split_gain=42280.8 153008 275447 751156 235530
threshold=4388.8535156250009 4327.6933593750009 609782.90625000012 14544.028808593752 4323.5039062500009
decision_type=2 2 2 2 2
left_child=1 4 -3 -4 -1
right_child=-2 2 3 -5 -6
leaf_value=0.18052969123425125 1.7611334780813983 -1.4874999883069338 -53.173350498601792 -4.2469396008700544 26.265121011898437
leaf_weight=16372 2956 2409 100 364 87
leaf_count=16372 2956 2409 100 364 87
internal_value=0 -0.26929 -3.63613 -14.7914 0.318409
internal_weight=0 19332 2873 464 16459
internal_count=22288 19332 2873 464 16459
is_linear=0
shrinkage=0.5


Tree=25
num_leaves=6
num_cat=0
split_feature=0 0 7 5 8
split_gain=32806.1 572849 1.7362e+06 202220 814546
threshold=0.00062850001268088828 0.00064250000286847364 10907.301269531252 3571.213989257813 13926.149902343752
decision_type=2 2 2 2 2
left_child=-1 2 -2 4 -3
right_child=1 3 -4 -5 -6
leaf_value=-0.4357862444090595 -7.57373001629656 0.70375587997521649 170.09808926582338 -10.298454278216198 79.441188951333359
leaf_weight=14701 44 7076 20 414 33
leaf_count=14701 44 7076 20 414 33
internal_value=0 0.844404 47.9487 0.443676 1.06926
internal_weight=0 7587 64 7523 7109
internal_count=22288 7587 64 7523 7109
is_linear=0
shrinkage=0.5


Tree=26
num_leaves=6
num_cat=0
split_feature=15 19 10 4 19
split_gain=24088.9 82341.3 65056 89876.9 154381
threshold=27.750000000000004 32.95000076293946 -0.54850000143051136 576779.00000000012 30.650000572204593
decision_type=2 2 2 2 2
left_child=-1 2 -2 -4 -5
right_child=1 -3 3 4 -6
leaf_value=0.064600447112773476 -24.680469019846484 18.080255308666743 -17.077353599459627 35.982981665381068 -4.0265597808402731
leaf_weight=21949 44 37 86 29 143
leaf_count=21949 44 37 86 29 143
internal_value=0 -4.18264 -6.91021 -3.87963 2.71923
internal_weight=0 339 302 258 172
internal_count=22288 339 302 258 172
is_linear=0
shrinkage=0.5


Tree=27
num_leaves=6
num_cat=0
split_feature=5 8 8 8 5
split_gain=24978.3 146492 583605 140325 83585.8
threshold=3562.109985351563 13943.203125000002 13929.604003906252 13984.093261718752 3518.713989257813
decision_type=2 2 2 2 2
left_child=4 2 -2 -3 -1
right_child=1 3 -4 -5 -6
leaf_value=-0.12238752060867622 4.5701425527992443 -14.150348462027274 81.888703637101031 0.72116970977523176 -6.5261144108886509
leaf_weight=15410 254 163 27 5907 527
leaf_count=15410 254 163 27 5907 527
internal_value=0 0.838491 11.9993 0.321819 -0.334144
internal_weight=0 6351 281 6070 15937
internal_count=22288 6351 281 6070 15937
is_linear=0
shrinkage=0.5


Tree=28
num_leaves=6
num_cat=0
split_feature=9 0 7 0 15
split_gain=20017.5 77891.2 125661 40993.9 38825.2
threshold=4384.8139648437509 6.1250000726431622e-05 13097.314941406252 6.8950001150369658e-05 27.750000000000004
decision_type=2 2 2 2 2
left_child=-1 2 -2 -3 -5
right_child=1 3 -4 4 -6
leaf_value=-0.18842213355537815 32.221750458081566 -2.2399807371161309 4.3938931827326764 2.3293493465396042 -8.5657889898270803
leaf_weight=19245 48 985 262 1662 86
leaf_count=19245 48 985 262 1662 86
internal_value=0 1.19165 8.70272 0.339678 1.79332
internal_weight=0 3043 310 2733 1748
internal_count=22288 3043 310 2733 1748
is_linear=0
shrinkage=0.5


Tree=29
num_leaves=6
num_cat=0
split_feature=0 0 22 21 0
split_gain=18997.9 81183.7 146767 80599.1 77116.8
threshold=2.864999987650663e-05 3.2849999115569524e-05 -96.21450042724608 -96.045001983642564 3.7649999285349629e-05
decision_type=2 2 2 2 2
left_child=3 2 -2 -1 -3
right_child=1 4 -4 -5 -6
leaf_value=27.437224721908571 30.520977256661755 -9.2835724929879824 2.8379308932174849 -5.1571392452646281 0.042214649018508243
leaf_weight=20 59 224 254 367 21364
leaf_count=20 59 224 254 367 21364
internal_value=0 0.0613637 8.05614 -3.47268 -0.054551
internal_weight=0 21901 313 387 21588
internal_count=22288 21901 313 387 21588
is_linear=0
shrinkage=0.5


Tree=30
num_leaves=6
num_cat=0
split_feature=22 11 11 5 7
split_gain=25710.3 81236.8 74504.2 32890.7 26879.5
threshold=-96.03749847412108 45.169500350952156 45.490999221801765 3558.1813964843755 12985.421386718752
decision_type=2 2 2 2 2
left_child=-1 -2 3 -3 -5
right_child=1 2 -4 4 -6
leaf_value=-0.072965078427903285 34.231678315571379 9.2161818132681006 31.245980030014401 -8.2834216083558108 1.8503191244532491
leaf_weight=21884 21 85 21 106 171
leaf_count=21884 21 85 21 106 171
internal_value=0 3.9524 2.29217 0.612534 -2.02757
internal_weight=0 404 383 362 277
internal_count=22288 404 383 362 277
is_linear=0
shrinkage=0.5


Tree=31
num_leaves=6
num_cat=0
split_feature=1 8 8 1 0
split_gain=27603.1 59519 49883.4 39215.6 56715.6
threshold=-19124.999999999996 11761.037109375002 11721.981933593752 -71374.999999999985 3.2849999115569524e-05
decision_type=2 2 2 2 2
left_child=1 2 -1 -3 -5
right_child=-2 3 -4 4 -6
leaf_value=-6.8362630605697632 0.096746159025415779 -0.25873208689032401 -38.19807356879825 7.5634240309397383 -21.912069072910384
leaf_weight=32 21634 526 21 24 51
leaf_count=32 21634 526 21 24 51
internal_value=0 -3.20032 -19.2626 -1.78384 -12.4799
internal_weight=0 654 53 601 75
internal_count=22288 654 53 601 75
is_linear=0
shrinkage=0.5


Tree=32
num_leaves=6
num_cat=0
split_feature=2 19 6 7 8
split_gain=17477.1 135895 122202 117612 113825
threshold=-69124.999999999985 30.849999427795414 13202.948730468752 13128.559082031252 13397.357910156252
decision_type=2 2 2 2 2
left_child=1 -1 4 -4 -3
right_child=-2 2 3 -5 -6
leaf_value=39.549262691289186 -0.072179972859655911 28.130968928337097 -23.292954216161405 1.839457714824744 2.8635882596747999
leaf_weight=24 21711 52 83 106 312
leaf_count=24 21711 52 83 106 312
internal_value=0 2.71594 1.11739 -9.19753 6.47321
internal_weight=0 577 553 189 364
internal_count=22288 577 553 189 364
is_linear=0
shrinkage=0.5


Tree=33
num_leaves=6
num_cat=0
split_feature=7 8 6 10 8
split_gain=15753.8 40005.2 33726.8 31983 27320.1
threshold=12436.890625000002 14061.452148437502 11942.443359375002 -0.51649999618530262 11651.952636718752
decision_type=2 2 2 2 2
left_child=1 -1 -2 -3 -4
right_child=2 3 4 -5 -6
leaf_value=-0.47363505875802747 -19.740909349350702 -17.444376930357919 11.236582999624181 0.0084180408053927958 0.26969409938255079
leaf_weight=6845 21 63 57 45 15257
leaf_count=6845 21 63 57 45 15257
internal_value=0 -0.624284 0.283055 -10.1724 0.310514
internal_weight=0 6953 15335 108 15314
internal_count=22288 6953 15335 108 15314
is_linear=0
shrinkage=0.5


Tree=34
num_leaves=6
num_cat=0
split_feature=0 10 7 9 2
split_gain=19454.3 143727 225868 123856 105890
threshold=0.00062850001268088828 -0.53849998116493214 12994.375976562502 4101.2534179687509 69125.000000000015
decision_type=2 2 2 2 2
left_child=1 2 -1 4 -2
right_child=3 -3 -4 -5 -6
leaf_value=-5.9470519210532666 0.79783341770119998 -0.021881992341453431 -53.652429195550773 38.996000698634553 -13.230451016312967
leaf_weight=543 7429 14132 26 21 137
leaf_count=543 7429 14132 26 21 137
internal_value=0 -0.335586 -8.12691 0.65025 0.543819
internal_weight=0 14701 569 7587 7566
internal_count=22288 14701 569 7587 7566
is_linear=0
shrinkage=0.5


Tree=35
num_leaves=6
num_cat=0
split_feature=4 4 9 15 5
split_gain=19481.8 120197 190039 72790.1 70062.1
threshold=609782.90625000012 630166.50000000012 4327.6933593750009 27.650000572204593 3605.813598632813
decision_type=2 2 2 2 2
left_child=-1 2 3 -2 -5
right_child=1 -3 -4 4 -6
leaf_value=0.82993373297769601 4.2568001159085522 -0.069056295825993777 -31.180610662851578 -6.7858422857064467 -38.447991723106021
leaf_weight=5368 149 16568 78 104 21
leaf_count=5368 149 16568 78 104 21
internal_value=0 -0.263303 -9.40614 -3.20756 -12.1051
internal_weight=0 16920 352 274 125
internal_count=22288 16920 352 274 125
is_linear=0
shrinkage=0.5


Tree=36
num_leaves=6
num_cat=0
split_feature=14 5 10 5 1
split_gain=14865.2 138849 463121 80806.2 30074.6
threshold=26.44999980926514 3568.8774414062505 -0.48350000381469721 3573.7934570312505 1.0000000180025095e-35
decision_type=2 2 2 2 2
left_child=-1 2 -2 -3 -4
right_child=1 3 4 -5 -6
leaf_value=-0.059212023704958705 87.240561123192307 -30.577856706536334 -4.09189771381872 0.071127996726518677 15.745577590218906
leaf_weight=21829 20 23 56 331 29
leaf_count=21829 20 23 56 331 29
internal_value=0 2.81599 18.7837 -1.92019 2.67618
internal_weight=0 459 105 354 85
internal_count=22288 459 105 354 85
is_linear=0
shrinkage=0.5


Tree=37
num_leaves=6
num_cat=0
split_feature=9 0 4 19 8
split_gain=10993.5 24414.9 12241 46272.1 31327.7
threshold=2808.4125976562505 0.0016349999932572248 609782.90625000012 30.250000000000004 14079.150878906252
decision_type=2 2 2 2 2
left_child=-1 2 3 -2 -5
right_child=1 -3 -4 4 -6
leaf_value=-2.474468758092685 20.616625234998505 7.0743931910492543 -0.19320142735646201 0.66613259943402225 -19.163173675537109
leaf_weight=440 29 123 16798 4878 20
leaf_count=440 29 123 16798 4878 20
internal_value=0 0.0498337 0.0100629 0.703067 0.585164
internal_weight=0 21848 21725 4927 4898
internal_count=22288 21848 21725 4927 4898
is_linear=0
shrinkage=0.5


Tree=38
num_leaves=6
num_cat=0
split_feature=5 0 5 10 8
split_gain=11978.3 38987 61949.2 609868 36056.7
threshold=3558.1813964843755 3.2849999115569524e-05 3518.713989257813 -0.54749998450279225 13938.412597656252
decision_type=2 2 2 2 2
left_child=1 -1 -3 -4 -2
right_child=4 2 3 -5 -6
leaf_value=10.08590050975045 5.946241582200031 -0.14205689020552431 -73.820755120246645 -0.44125497013057041 0.31445519222844931
leaf_weight=91 298 15401 31 327 6140
leaf_count=91 298 15401 31 327 6140
internal_value=0 -0.233611 -0.293201 -6.79535 0.575137
internal_weight=0 15850 15759 358 6438
internal_count=22288 15850 15759 358 6438
is_linear=0
shrinkage=0.5


Tree=39
num_leaves=6
num_cat=0
split_feature=10 21 5 19 8
split_gain=19876.3 130914 364571 632688 130651
threshold=-0.49650000035762781 -95.944999694824205 3568.8774414062505 31.849999427795414 14032.603027343752
decision_type=2 2 2 2 2
left_child=1 -1 3 -3 -4
right_child=-2 2 4 -5 -6
leaf_value=-0.0054840836781681855 -1.6715560960073763 113.03733387047595 -2.739677964870272 -3.2232562065124513 34.642736037572227
leaf_weight=20393 1647 22 174 25 27
leaf_count=20393 1647 22 174 25 27
internal_value=0 0.133378 11.552 51.1966 2.28184
internal_weight=0 20641 248 47 201
internal_count=22288 20641 248 47 201
is_linear=0
shrinkage=0.5


Tree=40
num_leaves=6
num_cat=0
split_feature=22 0 10 10 10
split_gain=10682.1 48438.7 39726 858923 848508
threshold=-97.639999389648423 3.2849999115569524e-05 -0.54850000143051136 -0.55149999260902394 -0.54249998927116383
decision_type=2 2 2 2 2
left_child=1 -1 3 -2 -4
right_child=2 -3 4 -5 -6
leaf_value=14.59365515051217 -1.0217907844776881 0.12091665630280131 82.308186703151279 -103.77231427601406 -0.77592618708692651
leaf_weight=58 646 18006 31 21 3526
leaf_count=58 646 18006 31 21 3526
internal_value=0 0.167386 -0.715828 -4.25681 -0.0518307
internal_weight=0 18064 4224 667 3557
internal_count=22288 18064 4224 667 3557
is_linear=0
shrinkage=0.5


Tree=41
num_leaves=6
num_cat=0
split_feature=14 8 12 6 12
split_gain=10842.2 88195.8 234219 278499 29848.5
threshold=26.44999980926514 13938.412597656252 24.994500160217289 13673.501464843752 25.001500129699711
decision_type=2 2 2 2 2
left_child=-1 2 -2 -4 -3
right_child=1 4 3 -5 -6
leaf_value=-0.050568891910313912 -13.140683604009224 -4.3660697984908312 85.67691094875336 3.2347666990189325 4.5592685663922232
leaf_weight=21829 33 224 20 21 161
leaf_count=21829 33 224 20 21 161
internal_value=0 2.40494 18.2139 43.4504 -0.633656
internal_weight=0 459 74 41 385
internal_count=22288 459 74 41 385
is_linear=0
shrinkage=0.5


Tree=42
num_leaves=6
num_cat=0
split_feature=6 15 8 18 8
split_gain=12596.6 10945.2 36899.4 36547.9 33001.8
threshold=14507.156250000002 27.750000000000004 13891.405273437502 23.849999427795414 14052.834960937502
decision_type=2 2 2 2 2
left_child=1 -1 -3 -4 -5
right_child=-2 2 3 4 -6
leaf_value=0.019859886911971186 6.039604408103366 -11.787877093913943 -14.974194382043446 10.385416388511658 -2.369035468538641
leaf_weight=21870 86 86 34 84 128
leaf_count=21870 86 86 34 84 128
internal_value=0 -0.0233946 -2.87272 0.243967 2.68462
internal_weight=0 22202 332 246 212
internal_count=22288 22202 332 246 212
is_linear=0
shrinkage=0.5


Tree=43
num_leaves=6
num_cat=0
split_feature=8 1 0 0 22
split_gain=12013.7 17693.2 41068.3 9274.59 30042.2
threshold=15599.915527343752 -19124.999999999996 3.4349999623373158e-05 4.3650001316564164e-05 -96.03749847412108
decision_type=2 2 2 2 2
left_child=3 -2 -3 -1 -5
right_child=1 2 -4 4 -6
leaf_value=-1.1495732431983738 -8.4486275662978496 20.622175371324694 1.4086655697652273 0.0049480790193182547 6.5843701767069955
leaf_weight=1714 24 37 112 20226 175
leaf_count=1714 24 37 112 20226 175
internal_value=0 4.15043 6.17981 -0.0324677 0.0613864
internal_weight=0 173 149 22115 20401
internal_count=22288 173 149 22115 20401
is_linear=0
shrinkage=0.5


Tree=44
num_leaves=6
num_cat=0
split_feature=19 5 9 7 5
split_gain=6992.82 7502.35 55176.5 39237.6 17998
threshold=30.050000190734867 3701.586547851563 4327.6933593750009 13097.314941406252 3670.932006835938
decision_type=2 2 2 2 2
left_child=-1 4 -3 -4 -2
right_child=1 2 3 -5 -6
leaf_value=6.9629593690236407 -0.018819043954549239 13.896920828879635 -14.266405955274054 1.68818296589584 -7.2246879347246784
leaf_weight=36 21825 79 47 214 87
leaf_count=36 21825 79 47 214 87
internal_value=0 -0.0112649 2.31943 -1.18487 -0.0474294
internal_weight=0 22252 340 261 21912
internal_count=22288 22252 340 261 21912
is_linear=0
shrinkage=0.5


Tree=45
num_leaves=6
num_cat=0
split_feature=8 0 0 0 0
split_gain=7606.41 44946.1 51009.9 364650 121416
threshold=13989.214355468752 0.0006595000158995391 0.00064250000286847364 0.00022349999926518652 7.765000191284345e-05
decision_type=2 2 2 2 2
left_child=-1 2 3 4 -2
right_child=1 -3 -4 -5 -6
leaf_value=-0.25238295838344138 0.33103193203658132 11.396940779964348 -10.375659129981484 67.800214302539828 -27.625742233716526
leaf_weight=12761 9265 91 112 20 39
leaf_count=12761 9265 91 112 20 39
internal_value=0 0.338056 0.231405 0.358817 0.213844
internal_weight=0 9527 9436 9324 9304
internal_count=22288 9527 9436 9324 9304
is_linear=0
shrinkage=0.5


Tree=46
num_leaves=6
num_cat=0
split_feature=21 19 10 21 20
split_gain=14615.7 37318.1 34496.8 18094 184010
threshold=-95.875499725341783 31.94999980926514 -0.49650000035762781 -95.890998840332017 38.649999618530281
decision_type=2 2 2 2 2
left_child=3 2 -2 -1 -5
right_child=1 -3 -4 4 -6
leaf_value=0.021984415666011118 -23.030421845840685 0.94229801769816235 -5.1190556396698126 50.070910406112674 -1.9950597483132566
leaf_weight=21716 33 262 145 20 112
leaf_count=21716 33 262 145 20 112
internal_value=0 -2.85315 -8.4397 0.05746 5.89372
internal_weight=0 440 178 21848 132
internal_count=22288 440 178 21848 132
is_linear=0
shrinkage=0.5


Tree=47
num_leaves=6
num_cat=0
split_feature=2 8 8 6 19
split_gain=10524.4 38361.2 329758 24212.7 16941.7
threshold=69125.000000000015 13947.491210937502 13693.241210937502 13166.485351562502 31.550000190734867
decision_type=2 2 2 2 2
left_child=-1 2 3 -2 -3
right_child=1 4 -4 -5 -6
leaf_value=0.055812250593648659 5.8672640574605843 -6.8924946539825012 -68.680232521891597 -6.3484415345150849 2.1200563041379721
leaf_weight=21715 76 62 20 87 328
leaf_count=21715 76 62 20 87 328
internal_value=0 -2.11512 -8.08747 -0.652775 0.687292
internal_weight=0 573 183 163 390
internal_count=22288 573 183 163 390
is_linear=0
shrinkage=0.5


Tree=48
num_leaves=6
num_cat=0
split_feature=9 10 2 10 17
split_gain=8916.89 274112 79876.9 307058 49195.4
threshold=3948.5224609375005 -0.54450002312660206 -19124.999999999996 -0.55050000548362721 27.050000190734867
decision_type=2 2 2 2 2
left_child=2 -2 3 -1 -4
right_child=1 -3 4 -5 -6
leaf_value=-0.78016931077708374 -50.517219916537954 -0.097711663057735668 0.13139331759149675 68.270427783330277 13.382219160316696
leaf_weight=69 27 16891 5209 21 71
leaf_count=69 27 16891 5209 21 71
internal_value=0 -0.178178 0.561343 15.3316 0.309577
internal_weight=0 16918 5370 90 5280
internal_count=22288 16918 5370 90 5280
is_linear=0
shrinkage=0.5


Tree=49
num_leaves=6
num_cat=0
split_feature=15 11 19 6 8
split_gain=10190.7 123517 41893 35062.3 32899.6
threshold=27.750000000000004 45.193000793457038 31.150000572204593 13318.625488281252 13943.203125000002
decision_type=2 2 2 2 2
left_child=-1 -2 3 -3 -4
right_child=1 2 4 -5 -6
leaf_value=0.042017356901587893 -33.350791343053181 8.1459675402868363 -9.7655461819275562 -8.2988889431449735 11.168666074965515
leaf_weight=21949 30 42 23 142 102
leaf_count=21949 30 42 23 142 102
internal_value=0 -2.72047 0.253349 -4.54517 7.31677
internal_weight=0 339 309 184 125
internal_count=22288 339 309 184 125
is_linear=0
shrinkage=0.5


Tree=50
num_leaves=6
num_cat=0
split_feature=16 20 4 8 4
split_gain=7467.77 7122.23 5762.46 10145.5 9719.44
threshold=26.050000190734867 40.049999237060554 794488.18750000012 13754.836914062502 609782.90625000012
decision_type=2 2 2 2 2
left_child=2 -2 4 -4 -1
right_child=1 -3 3 -5 -6
leaf_value=0.335123142525385 -0.010983732342720032 13.172955815281187 9.2195444948738441 0.29824273307659543 -0.51312039267481546
leaf_weight=5365 20 21 32 7736 9114
leaf_count=5365 20 21 32 7736 9114
internal_value=0 6.74177 -0.0124247 0.334994 -0.198815
internal_weight=0 41 22247 7768 14479
internal_count=22288 41 22247 7768 14479
is_linear=0
shrinkage=0.5


Tree=51
num_leaves=6
num_cat=0
split_feature=0 10 5 0 0
split_gain=8809.28 46276.9 82209.8 47394.9 125688
threshold=0.00065349999931640934 -0.53849998116493214 3489.2790527343755 0.00064250000286847364 0.00028049999673385179
decision_type=2 2 2 2 2
left_child=1 2 -1 4 -3
right_child=-2 3 -4 -5 -6
leaf_value=-3.0639339499235536 0.44582367515762233 -0.042442186075218997 -29.051626838743687 -11.804161541689846 27.681518293008573
leaf_weight=621 7401 14108 32 85 41
leaf_count=621 7401 14108 32 85 41
internal_value=0 -0.221639 -4.33745 -0.0328218 0.0378944
internal_weight=0 14887 653 14234 14149
internal_count=22288 14887 653 14234 14149
is_linear=0
shrinkage=0.5


Tree=52
num_leaves=6
num_cat=0
split_feature=0 19 22 22 7
split_gain=5422.65 24154.6 18428.9 75963.2 17200
threshold=4.5150000005378395e-05 30.050000190734867 -96.03749847412108 -96.029998779296861 13078.818847656252
decision_type=2 2 2 2 2
left_child=1 -1 -2 -4 -5
right_child=2 -3 3 4 -6
leaf_value=-18.006676399707793 0.041242460685349334 -0.55915404817795589 34.195377951860429 7.817947539072188 -2.9055448661193899
leaf_weight=20 19661 2432 20 63 92
leaf_count=20 19661 2432 20 63 92
internal_value=0 -0.701467 0.0867108 5.19502 1.45304
internal_weight=0 2452 19836 175 155
internal_count=22288 2452 19836 175 155
is_linear=0
shrinkage=0.5


Tree=53
num_leaves=6
num_cat=0
split_feature=7 4 7 4 6
split_gain=5053.53 11629.2 16951.9 12143.4 28737.3
threshold=13414.682128906252 630166.50000000012 13429.388183593752 690563.81250000012 12531.711425781252
decision_type=2 2 2 2 2
left_child=-1 2 -2 4 -3
right_child=1 3 -4 -5 -6
leaf_value=-0.050401686077909638 4.3515074893280312 2.7986234314739704 -11.946571635894287 0.87747603219103221 23.595886124670507
leaf_weight=21332 27 98 39 772 20
leaf_count=21332 27 98 39 772 20
internal_value=0 1.12465 -5.27918 1.59954 6.32358
internal_weight=0 956 66 890 118
internal_count=22288 956 66 890 118
is_linear=0
shrinkage=0.5


Tree=54
num_leaves=6
num_cat=0
split_feature=21 10 10 10 6
split_gain=6463.75 35656.8 138808 100584 28581.7
threshold=-95.922000885009751 -0.54850000143051136 -0.50450000166892994 -0.5545000135898589 13358.296875000002
decision_type=2 2 2 2 2
left_child=-1 3 -3 4 -2
right_child=1 2 -4 -5 -6
leaf_value=0.052989834577350792 -9.385887023348074 36.439308616816994 -1.4687456095063132 -36.30266126879939 10.954076487210489
leaf_weight=21457 39 25 709 27 31
leaf_count=21457 39 25 709 27 31
internal_value=0 -1.36823 -0.177599 -10.3778 -0.378189
internal_weight=0 831 734 97 70
internal_count=22288 831 734 97 70
is_linear=0
shrinkage=0.5


Tree=55
num_leaves=6
num_cat=0
split_feature=19 16 6 20 0
split_gain=5715.91 99829.4 14077.5 28449.2 9686.75
threshold=30.349999427795414 25.650000572204593 13358.296875000002 38.049999237060554 0.00064250000286847364
decision_type=2 2 2 2 2
left_child=1 -1 3 -3 -4
right_child=-2 2 4 -5 -6
leaf_value=33.621286590462148 -0.023603206564183812 0.64376934460903468 -0.40651340799575503 -21.949423852291975 11.544959522428966
leaf_weight=23 22096 38 88 22 21
leaf_count=23 22096 38 88 22 21
internal_value=0 2.71634 -1.48966 -7.6404 1.89606
internal_weight=0 192 169 60 109
internal_count=22288 192 169 60 109
is_linear=0
shrinkage=0.5


Tree=56
num_leaves=6
num_cat=0
split_feature=19 21 4 16 14
split_gain=3940.82 25689.3 5036.89 6746.69 7301.25
threshold=34.95000076293946 -97.632499694824205 523400.89062500006 25.750000000000004 26.250000000000004
decision_type=2 2 2 2 2
left_child=2 -2 3 4 -1
right_child=1 -3 -4 -5 -6
leaf_value=13.549879372119904 -14.33007914885982 0.14138915747908001 -0.02991513423282011 0.6836275773206153 2.8821569175263981
leaf_weight=20 36 207 21049 895 81
leaf_count=20 36 207 21049 895 81
internal_value=0 -2.00253 0.0220737 1.12078 4.99458
internal_weight=0 243 22045 996 101
internal_count=22288 243 22045 996 101
is_linear=0
shrinkage=0.5


Tree=57
num_leaves=6
num_cat=0
split_feature=11 11 11 13 1
split_gain=5295.97 32634.4 22998.8 25867 10705.7
threshold=45.444000244140632 45.44799995422364 45.431999206542976 27.050000190734867 70375.000000000015
decision_type=2 2 2 2 2
left_child=2 -2 -1 -4 -3
right_child=1 4 3 -5 -6
leaf_value=-0.017909577680828015 15.508516795933247 0.27253719318944675 -0.09853748480478923 -17.089537535394943 10.762581434249878
leaf_weight=21238 38 897 48 42 25
leaf_count=21238 38 897 48 42 25
internal_value=0 1.14881 -0.0517092 -8.02767 0.556974
internal_weight=0 960 21328 90 922
internal_count=22288 960 21328 90 922
is_linear=0
shrinkage=0.5


Tree=58
num_leaves=6
num_cat=0
split_feature=0 9 0 7 9
split_gain=4603.98 32456.9 22781.9 39179.9 21623.2
threshold=3.2849999115569524e-05 4302.8425292968759 3.8950000089243992e-05 13347.415527343752 4294.6745605468759
decision_type=2 2 2 2 2
left_child=1 -1 3 4 -2
right_child=2 -3 -4 -5 -6
leaf_value=11.317142643862301 -3.6215348688208242 0.10917862979168737 0.019744263092807957 -0.11162150974985192 -18.114618547501102
leaf_weight=72 44 628 21291 191 62
leaf_count=72 44 628 21291 191 62
internal_value=0 1.262 -0.0409208 -4.38981 -12.0986
internal_weight=0 700 21588 297 106
internal_count=22288 700 21588 297 106
is_linear=0
shrinkage=0.5


Tree=59
num_leaves=6
num_cat=0
split_feature=8 5 0 0 19
split_gain=4471.77 13302.7 26465.1 24731.2 17656.3
threshold=9401.1152343750018 3252.515502929688 0.00064250000286847364 0.00067049998324364435 35.149999618530281
decision_type=2 2 2 2 2
left_child=-1 2 -2 -4 -3
right_child=1 4 3 -5 -6
leaf_value=-1.0042408576527757 -2.640842045587835 -0.02867227522956424 10.699649339026593 2.116484628805039 -13.88999794099642
leaf_weight=1056 268 20064 94 783 23
leaf_count=1056 268 20064 94 783 23
internal_value=0 0.0499472 1.70762 3.03646 -0.0445438
internal_weight=0 21232 1145 877 20087
internal_count=22288 21232 1145 877 20087
is_linear=0
shrinkage=0.5


Tree=60
num_leaves=6
num_cat=0
split_feature=11 13 20 11 9
split_gain=4326.39 84663.4 104387 17863.6 135408
threshold=45.274999618530281 26.94999980926514 41.750000000000007 45.377000808715827 3903.1574707031255
decision_type=2 2 2 2 2
left_child=1 -1 -3 4 -2
right_child=3 2 -4 -5 -6
leaf_value=0.032206805482816084 -26.37117073210803 48.628869479894639 -1.8442367042991377 0.45305852815873948 -0.85913353538103676
leaf_weight=19679 55 20 21 1556 957
leaf_count=19679 55 20 21 1556 957
internal_value=0 0.0794952 22.7768 -0.610454 -2.24566
internal_weight=0 19720 41 2568 1012
internal_count=22288 19720 41 2568 1012
is_linear=0
shrinkage=0.5


Tree=61
num_leaves=6
num_cat=0
split_feature=21 7 10 9 18
split_gain=4065.91 28647.1 25100.6 135269 88063.2
threshold=-95.922000885009751 12983.584472656252 -0.54850000143051136 4323.5039062500009 24.050000190734867
decision_type=2 2 2 2 2
left_child=-1 -2 4 -4 -3
right_child=1 2 3 -5 -6
leaf_value=0.042027090853812177 -5.1593851701185951 -26.772554451928418 36.915066670488429 0.41252098096442136 4.8024417753257449
leaf_weight=21457 284 34 27 423 63
leaf_count=21457 284 34 27 423 63
internal_value=0 -1.08517 1.03015 2.60267 -6.26508
internal_weight=0 831 547 450 97
internal_count=22288 831 547 450 97
is_linear=0
shrinkage=0.5


Tree=62
num_leaves=6
num_cat=0
split_feature=1 19 13 20 20
split_gain=3634.08 15224.1 14616.3 13309.8 11087.7
threshold=-19124.999999999996 32.549999237060554 27.050000190734867 40.049999237060554 38.850000381469734
decision_type=2 2 2 2 2
left_child=1 4 3 -3 -1
right_child=-2 2 -4 -5 -6
leaf_value=-1.9369275907054544 0.035103612161156296 -14.284846730175472 -13.793509947402137 -1.380321160058301 5.7558844060991454
leaf_weight=80 21634 21 28 412 113
leaf_count=80 21634 21 28 412 113
internal_value=0 -1.16121 -2.72211 -2.00618 2.56715
internal_weight=0 654 461 433 193
internal_count=22288 654 461 433 193
is_linear=0
shrinkage=0.5


Tree=63
num_leaves=6
num_cat=0
split_feature=13 19 9 1 8
split_gain=2907.71 4054.67 105077 14879.4 26514.5
threshold=27.250000000000004 30.750000000000004 3903.1574707031255 5000.0000000000009 13995.058593750002
decision_type=2 2 2 2 2
left_child=1 2 -1 4 -4
right_child=-2 -3 3 -5 -6
leaf_value=32.376949177338524 -5.7453900900754062 -0.029586119923853526 -7.9537997222414205 11.552283233174911 0.99720485857156316
leaf_weight=26 22 21674 102 26 438
leaf_count=26 22 21674 102 26 438
internal_value=0 0.00567676 1.2967 -0.131011 -0.69354
internal_weight=0 22266 592 566 540
internal_count=22288 22266 592 566 540
is_linear=0
shrinkage=0.5


Tree=64
num_leaves=6
num_cat=0
split_feature=2 0 19 0 10
split_gain=3680.69 48873.2 40921.7 17103.3 29932.4
threshold=-19124.999999999996 0.001515000010840595 32.250000000000007 0.00022349999926518652 -0.52349999547004689
decision_type=2 2 2 2 2
left_child=1 3 -3 -1 -5
right_child=-2 2 -4 4 -6
leaf_value=-1.0584225909570169 0.03521659161763617 29.37377168102698 2.8608433299286422 1.9032833912155844 -12.8713080147793
leaf_weight=439 21638 22 43 55 91
leaf_count=439 21638 22 43 55 91
internal_value=0 -1.17233 11.8344 -2.61753 -7.30554
internal_weight=0 650 65 585 146
internal_count=22288 650 65 585 146
is_linear=0
shrinkage=0.5


Tree=65
num_leaves=6
num_cat=0
split_feature=7 8 11 0 11
split_gain=2940.54 13670.3 11522.1 11302.8 7615.64
threshold=12384.843750000002 14061.452148437502 45.508001327514656 4.054999953950756e-05 45.482999801635749
decision_type=2 2 2 2 2
left_child=1 -1 4 -3 -2
right_child=2 3 -4 -5 -6
leaf_value=-0.19957533924969439 0.11686522716233065 -0.86094104664193261 -9.0731057980481324 -13.390226810342735 5.167585616906484
leaf_weight=6793 15314 36 34 36 75
leaf_count=6793 15314 36 34 36 75
internal_value=0 -0.272215 0.121167 -7.12558 0.14148
internal_weight=0 6865 15423 72 15389
internal_count=22288 6865 15423 72 15389
is_linear=0
shrinkage=0.5


Tree=66
num_leaves=6
num_cat=0
split_feature=10 10 10 6 10
split_gain=4626.32 600533 394596 439868 23244
threshold=-0.54950001835823048 -0.54450002312660206 -0.55349999666213978 13329.270019531252 -0.54249998927116383
decision_type=2 2 2 2 2
left_child=2 -2 -1 -4 -3
right_child=1 4 3 -5 -6
leaf_value=0.004591429762293351 66.507663502412683 -8.9115019097720101 -102.26664896011353 -3.6368356943130493 0.029468568054500117
leaf_weight=4949 34 73 20 26 17186
leaf_count=4949 34 73 20 26 17186
internal_value=0 0.122429 -0.423857 -46.5194 -0.00834885
internal_weight=0 17293 4995 46 17259
internal_count=22288 17293 4995 46 17259
is_linear=0
shrinkage=0.5


Tree=67
num_leaves=6
num_cat=0
split_feature=21 10 10 7 6
split_gain=5770.6 78802.4 603071 65713.5 59497.4
threshold=-95.983501434326158 -0.51150000095367421 -0.55149999260902394 13078.818847656252 13340.307128906252
decision_type=2 2 2 2 2
left_child=-1 2 3 -2 -5
right_child=1 -3 -4 4 -6
leaf_value=-0.063576769583320841 22.367412997616661 -0.46420875325235145 92.622614455223086 -27.200735121965408 0.63280475946764148
leaf_weight=20978 27 1143 20 24 96
leaf_count=20978 27 1143 20 24 96
internal_value=0 1.0181 11.1635 0.0806243 -4.9339
internal_weight=0 1310 167 147 120
internal_count=22288 1310 167 147 120
is_linear=0
shrinkage=0.5


Tree=68
num_leaves=6
num_cat=0
split_feature=1 9 10 6 17
split_gain=3641.75 23858.6 90378.5 86864.6 20426.3
threshold=21375.000000000004 3968.253540039063 -0.54850000143051136 13296.552734375002 26.849999427795414
decision_type=2 2 2 2 2
left_child=-1 2 3 -2 -3
right_child=1 4 -4 -5 -6
leaf_value=-0.035168336941101802 9.1084883894239148 1.5894411832593598 31.815412060967809 -29.278954339027404 -5.4733478499179267
leaf_weight=21633 56 414 29 20 136
leaf_count=21633 56 414 29 20 136
internal_value=0 1.16152 8.06803 -0.99347 -0.156994
internal_weight=0 655 105 76 550
internal_count=22288 655 105 76 550
is_linear=0
shrinkage=0.5


Tree=69
num_leaves=6
num_cat=0
split_feature=22 0 1 11 0
split_gain=9143.45 46444.7 51095.5 7493.93 9378.44
threshold=-96.03749847412108 0.0014450000016950073 5000.0000000000009 45.486999511718757 0.00064749998273327958
decision_type=2 2 2 2 2
left_child=-1 3 -3 4 -2
right_child=1 2 -4 -5 -6
leaf_value=-0.043512782538748407 2.0546184484011087 1.9495291709899902 32.555900756120678 -7.1919019241486826 -5.7358105295234258
leaf_weight=21884 273 30 25 31 45
leaf_count=21884 273 30 25 31 45
internal_value=0 2.35701 15.8615 0.228798 0.952199
internal_weight=0 404 55 349 318
internal_count=22288 404 55 349 318
is_linear=0
shrinkage=0.5


Tree=70
num_leaves=6
num_cat=0
split_feature=10 10 10 19 20
split_gain=3996.99 651004 140195 29154.8 43814.6
threshold=-0.54850000143051136 -0.55149999260902394 -0.54450002312660206 30.750000000000004 38.250000000000007
decision_type=2 2 2 2 2
left_child=1 3 -2 4 -1
right_child=2 -3 -4 -5 -6
leaf_value=10.796305778480711 34.264460921287537 -88.242988382066997 0.054495058305451004 0.13820887584746358 -15.425201762806285
leaf_weight=21 30 21 17259 4891 66
leaf_count=21 30 21 17259 4891 66
internal_value=0 -0.393772 0.113856 -0.0231742 -9.09587
internal_weight=0 4999 17289 4978 87
internal_count=22288 4999 17289 4978 87
is_linear=0
shrinkage=0.5


Tree=71
num_leaves=6
num_cat=0
split_feature=22 9 10 6 22
split_gain=10355 36333.2 216081 29711.1 11703.6
threshold=-96.191501617431626 3903.1574707031255 -0.55249997973442067 13311.166015625002 -97.505500793457017
decision_type=2 2 2 2 2
left_child=4 2 3 -2 -1
right_child=1 -3 -4 -5 -6
leaf_value=-0.016709180289359141 7.8941146351140121 0.68884789688650905 56.620296514034273 -14.549645470579465 -1.9764503363755346
leaf_weight=20002 29 1415 20 30 792
leaf_count=20002 29 1415 20 30 792
internal_value=0 1.27146 11.7069 -3.51797 -0.0913516
internal_weight=0 1494 79 59 20794
internal_count=22288 1494 79 59 20794
is_linear=0
shrinkage=0.5


Tree=72
num_leaves=6
num_cat=0
split_feature=5 5 6 10 0
split_gain=3474.92 24143.1 161906 8638.98 324505
threshold=3521.5205078125005 3518.713989257813 13223.655273437502 -0.54850000143051136 0.00073949998477473866
decision_type=2 2 2 2 2
left_child=1 -1 -3 -2 -5
right_child=3 2 -4 4 -6
leaf_value=-0.083518850961399979 -2.5626485640197756 -47.934629630297422 3.2421352731830932 0.19114141813481839 57.265758657455443
leaf_weight=15410 254 20 68 6511 25
leaf_count=15410 254 20 68 6511 25
internal_value=0 -0.130678 -8.38895 0.29827 0.40945
internal_weight=0 15498 88 6790 6536
internal_count=22288 15498 88 6790 6536
is_linear=0
shrinkage=0.5


Tree=73
num_leaves=6
num_cat=0
split_feature=4 8 20 5 8
split_gain=3492.06 40276.3 22047.6 16991.1 24050.6
threshold=609782.90625000012 13397.357910156252 42.049999237060554 3618.2485351562505 14032.603027343752
decision_type=2 2 2 2 2
left_child=3 2 -2 4 -1
right_child=1 -3 -4 -5 -6
leaf_value=0.3089490673768161 -9.6438997573241956 -0.026679569795829944 3.7224586166833578 -12.922647277514139 11.437418161606303
leaf_weight=5295 164 16718 38 24 49
leaf_count=5295 164 16718 38 24 49
internal_value=0 -0.111476 -7.12944 0.351374 0.410988
internal_weight=0 16920 202 5368 5344
internal_count=22288 16920 202 5368 5344
is_linear=0
shrinkage=0.5


Tree=74
num_leaves=6
num_cat=0
split_feature=15 2 5 8 2
split_gain=2871.45 178959 4085.64 20120.7 11029.1
threshold=27.050000190734867 69125.000000000015 3609.8764648437505 14054.718750000002 19125.000000000004
decision_type=2 2 2 2 2
left_child=1 -1 4 -4 -2
right_child=2 -3 3 -5 -6
leaf_value=-0.11682260746011733 0.14214781468450424 -45.275867441161111 -13.83196370090757 -0.33648933173309781 2.4991265408565293
leaf_weight=7829 11862 22 28 2029 518
leaf_count=7829 11862 22 28 2029 518
internal_value=0 -0.243367 0.132346 -0.52019 0.240768
internal_weight=0 7851 14437 2057 12380
internal_count=22288 7851 14437 2057 12380
is_linear=0
shrinkage=0.5


Tree=75
num_leaves=6
num_cat=0
split_feature=8 9 8 4 22
split_gain=3463.74 29594 13393.7 39640.8 10046.4
threshold=13933.119140625002 3903.1574707031255 13929.604003906252 791413.84375000012 -96.191501617431626
decision_type=2 2 2 2 2
left_child=2 -2 4 -4 -1
right_child=1 -3 3 -5 -6
leaf_value=-0.21790609586169349 16.439550455127442 0.16295199621541689 -25.289162070623465 -0.39282082955339059 2.7283070294393434
leaf_weight=11232 28 10643 21 67 297
leaf_count=11232 28 10643 21 67 297
internal_value=0 0.205661 -0.188913 -6.33399 -0.142008
internal_weight=0 10671 11617 88 11529
internal_count=22288 10671 11617 88 11529
is_linear=0
shrinkage=0.5


Tree=76
num_leaves=6
num_cat=0
split_feature=2 15 9 11 20
split_gain=3028.71 42533.8 11264.9 11744.7 21524
threshold=69125.000000000015 27.050000190734867 3908.6484375000005 45.322000503540046 40.049999237060554
decision_type=2 2 2 2 2
left_child=-1 -2 -3 -4 -5
right_child=1 2 3 4 -6
leaf_value=0.029940627548827634 -22.693442138758574 5.7514009129475143 0.097853533568379197 -16.420846623001676 -0.61418705828292597
leaf_weight=21715 22 68 388 33 62
leaf_count=21715 22 68 388 33 62
internal_value=0 -1.13466 -0.273875 -1.12215 -6.10492
internal_weight=0 573 551 483 95
internal_count=22288 573 551 483 95
is_linear=0
shrinkage=0.5


Tree=77
num_leaves=6
num_cat=0
split_feature=16 7 22 11 11
split_gain=2258.3 2595.13 1995.76 1979.69 10177.2
threshold=26.050000190734867 12528.811035156252 -95.944999694824205 45.357000350952156 45.361000061035163
decision_type=2 2 2 2 2
left_child=2 -2 3 -1 -5
right_child=1 -3 -4 4 -6
leaf_value=0.033158154193482434 -0.17466871653284347 7.7835621505975725 4.9856179583817717 -5.8205807952340258 -0.24768694717797055
leaf_weight=20413 21 20 20 86 1728
leaf_count=20413 21 20 20 86 1728
internal_value=0 3.7074 -0.00683253 -0.0113248 -0.511892
internal_weight=0 41 22247 22227 1814
internal_count=22288 41 22247 22227 1814
is_linear=0
shrinkage=0.5


Tree=78
num_leaves=6
num_cat=0
split_feature=21 22 10 11 22
split_gain=2875.38 33270.1 153053 8446.42 11338.5
threshold=-97.358997344970689 -97.505500793457017 -0.53849998116493214 45.357000350952156 -95.983501434326158
decision_type=2 2 2 2 2
left_child=1 -1 -3 4 -2
right_child=3 2 -4 -5 -6
leaf_value=-0.013842923633639478 1.9236496017274001 -40.539267456957269 2.9429312845921678 -0.42984028146932735 -4.9341747972648591
leaf_weight=19975 1035 28 73 1113 64
leaf_count=19975 1035 28 73 1113 64
internal_value=0 -0.0596124 -9.11154 0.541039 1.52429
internal_weight=0 20076 101 2212 1099
internal_count=22288 20076 101 2212 1099
is_linear=0
shrinkage=0.5


Tree=79
num_leaves=6
num_cat=0
split_feature=6 7 2 7 9
split_gain=2310.3 130162 7411.64 12063.1 7217.7
threshold=13219.147460937502 12600.548828125002 19125.000000000004 12147.318847656252 4031.4890136718755
decision_type=2 2 2 2 2
left_child=2 -2 -1 -4 -3
right_child=1 4 3 -5 -6
leaf_value=0.050124329842149179 -33.104788271586102 2.1512722480042141 13.606889713894237 1.5654748635310949 -0.21588036975004335
leaf_weight=15086 30 339 22 381 6430
leaf_count=15086 30 339 22 381 6430
internal_value=0 -0.242973 0.106655 2.22282 -0.0973304
internal_weight=0 6799 15489 403 6769
internal_count=22288 6799 15489 403 6769
is_linear=0
shrinkage=0.5


Tree=80
num_leaves=6
num_cat=0
split_feature=6 0 21 19 4
split_gain=2314.43 6433.04 12652.2 8261.02 4469.22
threshold=13982.344726562502 2.6550000256975185e-05 -95.882999420166001 32.649999618530281 695764.37500000012
decision_type=2 2 2 2 2
left_child=1 2 3 -1 -2
right_child=4 -3 -4 -5 -6
leaf_value=-8.06253972519999 7.6023235565517098 -0.012159774935115646 -14.709964552047579 4.0684921451740799 0.65829688394369335
leaf_weight=23 24 21512 22 36 671
leaf_count=23 24 21512 22 36 671
internal_value=0 -0.0289063 -4.47644 -0.660554 0.898091
internal_weight=0 21593 81 59 695
internal_count=22288 21593 81 59 695
is_linear=0
shrinkage=0.5


Tree=81
num_leaves=6
num_cat=0
split_feature=2 10 10 15 0
split_gain=2843.78 39740.2 167939 80373.4 7620.6
threshold=69125.000000000015 -0.54249998927116383 -0.55950000882148732 27.050000190734867 0.00073149998206645261
decision_type=2 2 2 2 2
left_child=-1 2 -2 -3 -5
right_child=1 3 -4 4 -6
leaf_value=0.029012151350458325 2.1072245657444002 31.635620975494383 -49.844882488250732 -1.345078716240391 5.7884580645619366
leaf_weight=21715 60 20 21 431 41
leaf_count=21715 60 20 21 431 41
internal_value=0 -1.09947 -11.3618 0.590062 -0.725428
internal_weight=0 573 81 492 472
internal_count=22288 573 81 492 472
is_linear=0
shrinkage=0.5


Tree=82
num_leaves=6
num_cat=0
split_feature=19 16 2 11 11
split_gain=3625 36139.4 3409.33 9194.1 17926
threshold=30.349999427795414 25.650000572204593 -19124.999999999996 45.454999923706062 45.416000366210945
decision_type=2 2 2 2 2
left_child=1 -1 3 4 -2
right_child=2 -3 -4 -5 -6
leaf_value=20.757900725240294 -1.3040714350749509 -0.36744959509694541 0.015287215729778777 -11.44108624117715 13.556111684867314
leaf_weight=23 604 169 21450 21 21
leaf_count=23 604 169 21450 21 21
internal_value=0 2.16319 -0.0187967 -1.15053 -0.804769
internal_weight=0 192 22096 646 625
internal_count=22288 192 22096 646 625
is_linear=0
shrinkage=0.5


Tree=83
num_leaves=6
num_cat=0
split_feature=22 10 10 2 20
split_gain=2784.91 27754.7 212105 23064.6 21490.7
threshold=-96.145000457763658 -0.51150000095367421 -0.55249997973442067 69125.000000000015 38.95000076293946
decision_type=2 2 2 2 2
left_child=-1 2 3 4 -2
right_child=1 -3 -4 -5 -6
leaf_value=-0.044041053202420112 -16.068423477311928 -0.15716799325432021 51.308976600999415 12.258346204778977 0.17102136777107974
leaf_weight=20985 27 1142 23 28 83
leaf_count=20985 27 1142 23 28 83
internal_value=0 0.709288 6.8552 -0.553761 -3.81502
internal_weight=0 1303 161 138 110
internal_count=22288 1303 161 138 110
is_linear=0
shrinkage=0.5


Tree=84
num_leaves=6
num_cat=0
split_feature=14 10 9 19 5
split_gain=2804.73 35189.5 54211 86179.9 40843.1
threshold=26.349999427795414 -0.54850000143051136 4090.556030273438 32.049999237060554 3573.7934570312505
decision_type=2 2 2 2 2
left_child=-1 4 3 -3 -2
right_child=1 2 -4 -5 -6
leaf_value=0.036088555880212154 -19.842163651250303 41.880901238322259 -0.61631057289530011 0.041585016995668411 -2.2622725561542332
leaf_weight=21402 48 20 680 32 106
leaf_count=21402 48 20 680 32 106
internal_value=0 -0.871746 0.573576 16.1336 -7.74172
internal_weight=0 886 732 52 154
internal_count=22288 886 732 52 154
is_linear=0
shrinkage=0.5


Tree=85
num_leaves=6
num_cat=0
split_feature=21 11 11 9 0
split_gain=2732.19 14454.9 9845.62 16349.6 5703.34
threshold=-95.868000030517564 45.166000366210945 45.287000656127937 4307.4274902343759 0.0015049999929033222
decision_type=2 2 2 2 2
left_child=-1 -2 3 -3 -4
right_child=1 2 4 -5 -6
leaf_value=-0.023362538381782108 -11.780974459648132 17.910192320744198 0.37575051423200234 -0.74512716868649354 7.7253410651766021
leaf_weight=21898 20 24 294 23 29
leaf_count=21898 20 24 294 23 29
internal_value=0 1.31178 2.01949 8.78099 1.03562
internal_weight=0 390 370 47 323
internal_count=22288 390 370 47 323
is_linear=0
shrinkage=0.5


Tree=86
num_leaves=6
num_cat=0
split_feature=13 20 6 8 19
split_gain=2325.54 11919.3 26588.7 24197.7 32343.1
threshold=27.050000190734867 40.549999237060554 13673.501464843752 13938.412597656252 30.94999980926514
decision_type=2 2 2 2 2
left_child=-1 3 -3 4 -2
right_child=1 2 -4 -5 -6
leaf_value=0.02805916659733218 26.215160006568546 -7.2062635162675921 2.2647026986596757 -0.55811911831201111 -0.40191329956054689
leaf_weight=21635 21 176 128 303 25
leaf_count=21635 21 176 128 303 25
internal_value=0 -0.929648 -3.21849 1.06407 11.7494
internal_weight=0 653 304 349 46
internal_count=22288 653 304 349 46
is_linear=0
shrinkage=0.5


Tree=87
num_leaves=6
num_cat=0
split_feature=19 18 19 12 5
split_gain=1877.08 13359.5 2352.94 21076.1 10516.5
threshold=30.150000572204593 24.050000190734867 30.349999427795414 24.991499900817875 3570.0410156250005
decision_type=2 2 2 2 2
left_child=1 -1 3 -2 -5
right_child=2 -3 -4 4 -6
leaf_value=2.1808658192555108 13.960564484883999 -12.474914426388947 -0.0038383577180164225 -8.81787792686373 2.4061600863933563
leaf_weight=48 29 23 22096 32 60
leaf_count=48 29 23 22096 32 60
internal_value=0 -2.56678 0.0082028 2.20706 -1.49785
internal_weight=0 71 22217 121 92
internal_count=22288 71 22217 121 92
is_linear=0
shrinkage=0.5


Tree=88
num_leaves=6
num_cat=0
split_feature=9 5 10 10 1
split_gain=4716.16 5154.43 2631.97 2356.45 7204.34
threshold=4472.9736328125009 3396.0305175781255 -0.48350000381469721 -0.48450000584125513 -19124.999999999996
decision_type=2 2 2 2 2
left_child=3 2 -2 -1 -5
right_child=1 -3 -4 4 -6
leaf_value=0.011559760240429194 -0.13526743496627067 -3.7349903936739319 4.9454915353230069 6.1602319238441332 -1.1732930250624292
leaf_weight=21305 33 27 112 35 776
leaf_count=21305 33 27 112 35 776
internal_value=0 2.60806 3.78918 -0.0202834 -0.856803
internal_weight=0 172 145 22116 811
internal_count=22288 172 145 22116 811
is_linear=0
shrinkage=0.5


Tree=89
num_leaves=6
num_cat=0
split_feature=0 9 15 9 4
split_gain=1996.62 14215.9 7535.23 28418.8 10150.9
threshold=3.2849999115569524e-05 4298.8994140625009 27.750000000000004 4313.0583496093759 690563.81250000012
decision_type=2 2 2 2 2
left_child=1 -1 4 -4 -3
right_child=-2 2 3 -5 -6
leaf_value=11.479504986604054 -0.026947892623349196 3.5390125865373632 -19.486935732716862 1.7761159849945793 -0.69988586621518944
leaf_weight=30 21588 232 22 55 361
leaf_count=30 21588 232 22 55 361
internal_value=0 0.831073 0.354277 -4.29904 0.958503
internal_weight=0 700 670 77 593
internal_count=22288 700 670 77 593
is_linear=0
shrinkage=0.5


Tree=90
num_leaves=6
num_cat=0
split_feature=15 8 4 2 9
split_gain=3674.32 2225.8 7890.46 24598.4 49277.5
threshold=27.849999427795414 11726.382324218752 609782.90625000012 1.0000000180025095e-35 4327.6933593750009
decision_type=2 2 2 2 2
left_child=1 2 -1 -4 -5
right_child=-2 -3 3 4 -6
leaf_value=0.39523300497547531 5.2720506807619874 -0.090219776923766246 -18.841299025172535 19.760176668996397 -7.1151240106784934
leaf_weight=4642 33 17502 22 23 66
leaf_count=4642 33 17502 22 23 66
internal_value=0 -0.00781746 0.295613 -3.87047 -0.169822
internal_weight=0 22255 4753 111 89
internal_count=22288 22255 4753 111 89
is_linear=0
shrinkage=0.5


Tree=91
num_leaves=6
num_cat=0
split_feature=6 5 19 7 9
split_gain=1944.88 5556.47 4786.23 3329.67 3020.81
threshold=11618.997070312502 3252.515502929688 35.149999618530281 10513.242187500002 3032.4108886718755
decision_type=2 2 2 2 2
left_child=3 4 -3 -1 -2
right_child=1 2 -4 -5 -6
leaf_value=-0.46752836433662548 0.55514406408221761 -0.0046638280881623534 -7.221582765164583 -6.4076885307828588 2.5542607696541029
leaf_weight=1384 484 20063 23 24 310
leaf_count=1384 484 20063 23 24 310
internal_value=0 0.0383546 -0.0129278 -0.568781 1.33566
internal_weight=0 20880 20086 1408 794
internal_count=22288 20880 20086 1408 794
is_linear=0
shrinkage=0.5


Tree=92
num_leaves=6
num_cat=0
split_feature=21 4 5 6 6
split_gain=1472.63 3947.15 9707.09 3038.98 11780
threshold=-97.756000518798814 592477.43750000012 3498.4484863281255 13581.298828125002 13537.881347656252
decision_type=2 2 2 2 2
left_child=1 2 -1 4 -2
right_child=3 -3 -4 -5 -6
leaf_value=0.85601935736638934 -0.15865430700003588 0.192270651753218 -12.538869810246286 0.44171048623399178 -5.998675780392241
leaf_weight=38 11532 8436 21 2174 87
leaf_count=38 11532 8436 21 2174 87
internal_value=0 0.163768 -3.91165 -0.100863 -0.202383
internal_weight=0 8495 59 13793 11619
internal_count=22288 8495 59 13793 11619
is_linear=0
shrinkage=0.5


Tree=93
num_leaves=6
num_cat=0
split_feature=0 5 9 9 0
split_gain=1674.3 9653.2 17854.8 5132.54 2788.42
threshold=2.6550000256975185e-05 3701.586547851563 4307.4274902343759 4334.9960937500009 3.2849999115569524e-05
decision_type=2 2 2 2 2
left_child=1 2 -1 -3 -2
right_child=4 3 -4 -5 -6
leaf_value=2.5403208682934442 1.2148162100518745 7.8072477579116821 -17.624785281393837 -0.67972414225819833 -0.012411278906116445
leaf_weight=21 473 20 23 163 21588
leaf_count=21 473 20 23 163 21588
internal_value=0 -1.35098 -8.00053 0.247814 0.0139012
internal_weight=0 227 44 183 22061
internal_count=22288 227 44 183 22061
is_linear=0
shrinkage=0.5


Tree=94
num_leaves=6
num_cat=0
split_feature=14 12 9 12 21
split_gain=2095.14 22102.3 8780.69 20054.6 13645.8
threshold=26.44999980926514 25.010499954223636 4101.2534179687509 24.994500160217289 -96.02599716186522
decision_type=2 2 2 2 2
left_child=-1 2 3 -2 -5
right_child=1 -3 -4 4 -6
leaf_value=0.022229530604954671 -10.765661738135599 -16.520828942006286 -1.7852331188281509 -5.7890777247292657 8.3223677819134085
leaf_weight=21829 22 22 301 21 93
leaf_count=21829 22 22 301 21 93
internal_value=0 -1.05719 -0.278696 3.05563 5.72289
internal_weight=0 459 437 136 114
internal_count=22288 459 437 136 114
is_linear=0
shrinkage=0.5


Tree=95
num_leaves=6
num_cat=0
split_feature=6 10 10 9 21
split_gain=1784.33 46600.4 291039 147065 128051
threshold=13219.147460937502 -0.54850000143051136 -0.55149999260902394 4030.287475585938 -97.517002105712876
decision_type=2 2 2 2 2
left_child=-1 2 -2 4 -3
right_child=1 3 -4 -5 -6
leaf_value=0.093730865821000625 -1.7844529031665446 4.2309881150722504 -63.231043946175348 -0.15014920318467864 58.402131569385531
leaf_weight=15489 234 24 21 6500 20
leaf_count=15489 234 24 21 6500 20
internal_value=0 -0.213531 -6.84476 0.0448681 28.8542
internal_weight=0 6799 255 6544 44
internal_count=22288 6799 255 6544 44
is_linear=0
shrinkage=0.5


Tree=96
num_leaves=6
num_cat=0
split_feature=21 9 10 10 8
split_gain=4631.75 16773.9 141043 23725.4 18546.6
threshold=-96.05300140380858 4035.1455078125005 -0.55149999260902394 -0.50450000166892994 13943.203125000002
decision_type=2 2 2 2 2
left_child=-1 2 4 -3 -2
right_child=1 3 -4 -5 -6
leaf_value=-0.063366751886674566 -6.2146018952576085 -13.065835542751081 41.928889279780179 0.50367115727384337 4.0811510872509746
leaf_weight=20689 67 33 23 1350 126
leaf_count=20689 67 33 23 1350 126
internal_value=0 0.819884 4.91764 0.179887 0.506978
internal_weight=0 1599 216 1383 193
internal_count=22288 1599 216 1383 193
is_linear=0
shrinkage=0.5


Tree=97
num_leaves=6
num_cat=0
split_feature=7 0 6 22 22
split_gain=2472.35 14339.2 13281.9 121064 8053.48
threshold=12752.027343750002 0.0016150000155903401 13219.147460937502 -97.524501800537095 -97.593997955322251
decision_type=2 2 2 2 2
left_child=2 -2 -1 4 -4
right_child=1 -3 3 -5 -6
leaf_value=-0.02773554516324208 0.156944108198071 11.914665178610729 -0.61184724040019012 -39.70244639260428 -7.7835146018436978
leaf_weight=11860 9763 26 576 21 42
leaf_count=11860 9763 26 576 21 42
internal_value=0 0.188173 -0.147374 -2.36789 -1.09924
internal_weight=0 9789 12499 639 618
internal_count=22288 9789 12499 639 618
is_linear=0
shrinkage=0.5


Tree=98
num_leaves=6
num_cat=0
split_feature=21 0 10 10 21
split_gain=2243.1 7159.98 4068.46 5588.57 3473.25
threshold=-95.868000030517564 0.0015049999929033222 -0.50450000166892994 -0.49750000238418574 -95.922000885009751
decision_type=2 2 2 2 2
left_child=4 2 -2 -4 -1
right_child=1 -3 3 -5 -6
leaf_value=0.0073792112573478263 -5.1292371338811416 8.3543053418397903 7.8050776358161658 0.41998154605642901 -1.4101639550048308
leaf_weight=21457 29 32 28 301 441
leaf_count=21457 29 32 28 301 441
internal_value=0 1.18858 0.548069 1.0485 -0.0211684
internal_weight=0 390 358 329 21898
internal_count=22288 390 358 329 21898
is_linear=0
shrinkage=0.5


Tree=99
num_leaves=6
num_cat=0
split_feature=21 22 14 13 13
split_gain=1966.25 54789.4 5784.6 15935.5 11240.6
threshold=-97.386001586914048 -97.505500793457017 26.349999427795414 26.849999427795414 26.94999980926514
decision_type=2 2 2 2 2
left_child=1 -1 -2 -4 -5
right_child=2 -3 3 4 -6
leaf_value=-0.020463509940202872 1.0285498891889522 -22.559252733778621 12.683549776673317 -6.6248115610472764 -0.35792954766703217
leaf_weight=19911 1490 27 22 79 759
leaf_count=19911 1490 27 22 79 759
internal_value=0 -0.0509855 0.432574 -0.599989 -0.948722
internal_weight=0 19938 2350 860 838
internal_count=22288 19938 2350 860 838
is_linear=0
shrinkage=0.5


end of trees

feature_importances:
Column_0=71
Column_10=48
Column_8=40
Column_9=40
Column_5=34
Column_6=33
Column_7=29
Column_19=26
Column_4=24
Column_11=22
Column_21=19
Column_22=17
Column_1=14
Column_2=14
Column_15=13
Column_20=11
Column_13=10
Column_16=8
Column_14=7
Column_17=7
Column_12=5
Column_3=4
Column_18=4

parameters:
[boosting: gbdt]
[objective: regression]
[metric: l1]
[tree_learner: serial]
[device_type: cpu]
[data: ]
[valid: ]
[num_iterations: 100]
[learning_rate: 0.5]
[num_leaves: 6]
[num_threads: 0]
[deterministic: 0]
[force_col_wise: 0]
[force_row_wise: 0]
[histogram_pool_size: -1]
[max_depth: 6]
[min_data_in_leaf: 20]
[min_sum_hessian_in_leaf: 0.001]
[bagging_fraction: 0.7]
[pos_bagging_fraction: 1]
[neg_bagging_fraction: 1]
[bagging_freq: 0]
[bagging_seed: 400]
[feature_fraction: 0.7]
[feature_fraction_bynode: 1]
[feature_fraction_seed: 30056]
[extra_trees: 0]
[extra_seed: 12879]
[early_stopping_round: 0]
[first_metric_only: 0]
[max_delta_step: 0]
[lambda_l1: 0]
[lambda_l2: 0]
[linear_lambda: 0]
[min_gain_to_split: 0]
[drop_rate: 0.8]
[max_drop: 50]
[skip_drop: 0.8]
[xgboost_dart_mode: 0]
[uniform_drop: 0]
[drop_seed: 17869]
[top_rate: 0.2]
[other_rate: 0.1]
[min_data_per_group: 100]
[max_cat_threshold: 32]
[cat_l2: 10]
[cat_smooth: 10]
[max_cat_to_onehot: 4]
[top_k: 20]
[monotone_constraints: ]
[monotone_constraints_method: basic]
[monotone_penalty: 0]
[feature_contri: ]
[forcedsplits_filename: ]
[refit_decay_rate: 0.9]
[cegb_tradeoff: 1]
[cegb_penalty_split: 0]
[cegb_penalty_feature_lazy: ]
[cegb_penalty_feature_coupled: ]
[path_smooth: 0]
[interaction_constraints: ]
[verbosity: 1]
[saved_feature_importance_type: 0]
[linear_tree: 0]
[max_bin: 255]
[max_bin_by_feature: ]
[min_data_in_bin: 3]
[bin_construct_sample_cnt: 200000]
[data_random_seed: 175]
[is_enable_sparse: 1]
[enable_bundle: 1]
[use_missing: 1]
[zero_as_missing: 0]
[feature_pre_filter: 1]
[pre_partition: 0]
[two_round: 0]
[header: 0]
[label_column: ]
[weight_column: ]
[group_column: ]
[ignore_column: ]
[categorical_feature: ]
[forcedbins_filename: ]
[precise_float_parser: 0]
[objective_seed: 16083]
[num_class: 1]
[is_unbalance: 0]
[scale_pos_weight: 1]
[sigmoid: 1]
[boost_from_average: 1]
[reg_sqrt: 0]
[alpha: 0.9]
[fair_c: 1]
[poisson_max_delta_step: 0.7]
[tweedie_variance_power: 1.5]
[lambdarank_truncation_level: 30]
[lambdarank_norm: 1]
[label_gain: ]
[eval_at: ]
[multi_error_top_k: 1]
[auc_mu_weights: ]
[num_machines: 1]
[local_listen_port: 12400]
[time_out: 120]
[machine_list_filename: ]
[machines: ]
[gpu_platform_id: -1]
[gpu_device_id: -1]
[gpu_use_dp: 0]
[num_gpu: 1]

end of parameters

pandas_categorical:null
